1	0	0	0.8	0.8
1	1	0	0.8	0.8
1	2	0	0.8	0.8
1	3	0	0.8	0.8
1	4	0	0.8	0.8
1	5	0	0.8	0.8
1	6	0	0.8	0.8
1	7	0	0.8	0.8
1	8	0	0.8	0.8
1	9	0	0.8	0.8
1	10	0	0.8	0.8
1	11	0	0.8	0.8
1	12	0	0.8	0.8
1	13	0	0.8	0.8
1	14	0	0.8	0.8
1	15	0	0.8	0.8
1	16	0	0.8	0.8
1	17	0	0.8	0.8
1	18	0	0.8	0.8
1	19	0	0.8	0.8
2	0	1	0.999722	0.999754
2	1	1	0.999722	0.999754
2	2	1	0.999722	0.999754
2	3	1	0.999722	0.999754
2	4	1	0.999722	0.999754
2	5	1	0.999722	0.999754
2	6	1	0.999722	0.999754
2	7	1	0.999722	0.999754
2	8	1	0.999722	0.999754
2	9	1	0.999722	0.999754
2	10	1	0.999722	0.999754
2	11	1	0.999722	0.999754
2	12	1	0.999722	0.999754
2	13	1	0.999722	0.999754
2	14	1	0.999722	0.999754
2	15	1	0.999722	0.999754
2	16	1	0.999722	0.999754
2	17	1	0.999722	0.999754
2	18	1	0.999722	0.999754
2	19	1	0.999722	0.999754
3	0	0	0.999584	0.999584
3	1	0	0.999584	0.999584
3	2	0	0.999584	0.999584
3	3	0	0.999584	0.999584
3	4	0	0.999584	0.999584
3	5	0	0.999584	0.999584
3	6	0	0.999584	0.999584
3	7	0	0.999584	0.999584
3	8	0	0.999584	0.999584
3	9	0	0.999584	0.999584
3	10	0	0.999584	0.999584
3	11	0	0.999584	0.999584
3	12	0	0.999584	0.999584
3	13	0	0.999584	0.999584
3	14	0	0.999584	0.999584
3	15	0	0.999584	0.999584
3	16	0	0.999584	0.999584
3	17	0	0.999584	0.999584
3	18	0	0.999584	0.999584
3	19	0	0.999584	0.999584
4	0	0	0.999548	0.9996
4	1	0	0.999548	0.9996
4	2	0	0.999548	0.9996
4	3	0	0.999548	0.9996
4	4	0	0.999548	0.9996
4	5	0	0.999548	0.9996
4	6	0	0.999548	0.9996
4	7	0	0.999548	0.9996
4	8	0	0.999548	0.9996
4	9	0	0.999548	0.9996
4	10	0	0.999548	0.9996
4	11	0	0.999548	0.9996
4	12	0	0.999548	0.9996
4	13	0	0.999548	0.9996
4	14	0	0.999548	0.9996
4	15	0	0.999548	0.9996
4	16	0	0.999548	0.9996
4	17	0	0.999548	0.9996
4	18	0	0.999548	0.9996
4	19	0	0.999548	0.9996
5	0	1	0.999507	0.999616
5	1	1	0.999507	0.999616
5	2	1	0.999507	0.999616
5	3	1	0.999507	0.999616
5	4	1	0.999507	0.999616
5	5	1	0.999507	0.999616
5	6	1	0.999507	0.999616
5	7	1	0.999507	0.999616
5	8	1	0.999507	0.999616
5	9	1	0.999507	0.999616
5	10	1	0.999507	0.999616
5	11	1	0.999507	0.999616
5	12	1	0.999507	0.999616
5	13	1	0.999507	0.999616
5	14	1	0.999507	0.999616
5	15	1	0.999507	0.999616
5	16	1	0.999507	0.999616
5	17	1	0.999507	0.999616
5	18	1	0.999507	0.999616
5	19	1	0.999507	0.999616
6	0	0	0.999528	0.999584
6	1	0	0.999528	0.999584
6	2	0	0.999528	0.999584
6	3	0	0.999528	0.999584
6	4	0	0.999528	0.999584
6	5	0	0.999528	0.999584
6	6	0	0.999528	0.999584
6	7	0	0.999528	0.999584
6	8	0	0.999528	0.999584
6	9	0	0.999528	0.999584
6	10	0	0.999528	0.999584
6	11	0	0.999528	0.999584
6	12	0	0.999528	0.999584
6	13	0	0.999528	0.999584
6	14	0	0.999528	0.999584
6	15	0	0.999528	0.999584
6	16	0	0.999528	0.999584
6	17	0	0.999528	0.999584
6	18	0	0.999528	0.999584
6	19	0	0.999528	0.999584
7	0	0	0.999484	0.9996
7	1	0	0.999484	0.9996
7	2	0	0.999484	0.9996
7	3	0	0.999484	0.9996
7	4	0	0.999484	0.9996
7	5	0	0.999484	0.9996
7	6	0	0.999484	0.9996
7	7	0	0.999484	0.9996
7	8	0	0.999484	0.9996
7	9	0	0.999484	0.9996
7	10	0	0.999484	0.9996
7	11	0	0.999484	0.9996
7	12	0	0.999484	0.9996
7	13	0	0.999484	0.9996
7	14	0	0.999484	0.9996
7	15	0	0.999484	0.9996
7	16	0	0.999484	0.9996
7	17	0	0.999484	0.9996
7	18	0	0.999484	0.9996
7	19	0	0.999484	0.9996
8	0	0	0.999434	0.999616
8	1	0	0.999434	0.999616
8	2	0	0.999434	0.999616
8	3	0	0.999434	0.999616
8	4	0	0.999434	0.999616
8	5	0	0.999434	0.999616
8	6	0	0.999434	0.999616
8	7	0	0.999434	0.999616
8	8	0	0.999434	0.999616
8	9	0	0.999434	0.999616
8	10	0	0.999434	0.999616
8	11	0	0.999434	0.999616
8	12	0	0.999434	0.999616
8	13	0	0.999434	0.999616
8	14	0	0.999434	0.999616
8	15	0	0.999434	0.999616
8	16	0	0.999434	0.999616
8	17	0	0.999434	0.999616
8	18	0	0.999434	0.999616
8	19	0	0.999434	0.999616
9	0	0	0.999376	0.999631
9	1	0	0.999376	0.999631
9	2	0	0.999376	0.999631
9	3	0	0.999376	0.999631
9	4	0	0.999376	0.999631
9	5	0	0.999376	0.999631
9	6	0	0.999376	0.999631
9	7	0	0.999376	0.999631
9	8	0	0.999376	0.999631
9	9	0	0.999376	0.999631
9	10	0	0.999376	0.999631
9	11	0	0.999376	0.999631
9	12	0	0.999376	0.999631
9	13	0	0.999376	0.999631
9	14	0	0.999376	0.999631
9	15	0	0.999376	0.999631
9	16	0	0.999376	0.999631
9	17	0	0.999376	0.999631
9	18	0	0.999376	0.999631
9	19	0	0.999376	0.999631
10	0	0	0.999309	0.999644
10	1	0	0.999309	0.999644
10	2	0	0.999309	0.999644
10	3	0	0.999309	0.999644
10	4	0	0.999309	0.999644
10	5	0	0.999309	0.999644
10	6	0	0.999309	0.999644
10	7	0	0.999309	0.999644
10	8	0	0.999309	0.999644
10	9	0	0.999309	0.999644
10	10	0	0.999309	0.999644
10	11	0	0.999309	0.999644
10	12	0	0.999309	0.999644
10	13	0	0.999309	0.999644
10	14	0	0.999309	0.999644
10	15	0	0.999309	0.999644
10	16	0	0.999309	0.999644
10	17	0	0.999309	0.999644
10	18	0	0.999309	0.999644
10	19	0	0.999309	0.999644
11	0	0	0.99923	0.999657
11	1	0	0.99923	0.999657
11	2	0	0.99923	0.999657
11	3	0	0.99923	0.999657
11	4	0	0.99923	0.999657
11	5	0	0.99923	0.999657
11	6	0	0.99923	0.999657
11	7	0	0.99923	0.999657
11	8	0	0.99923	0.999657
11	9	0	0.99923	0.999657
11	10	0	0.99923	0.999657
11	11	0	0.99923	0.999657
11	12	0	0.99923	0.999657
11	13	0	0.99923	0.999657
11	14	0	0.99923	0.999657
11	15	0	0.99923	0.999657
11	16	0	0.99923	0.999657
11	17	0	0.99923	0.999657
11	18	0	0.99923	0.999657
11	19	0	0.99923	0.999657
12	0	1	0.999137	0.99967
12	1	1	0.999137	0.99967
12	2	1	0.999137	0.99967
12	3	1	0.999137	0.99967
12	4	1	0.999137	0.99967
12	5	1	0.999137	0.99967
12	6	1	0.999137	0.99967
12	7	1	0.999137	0.99967
12	8	1	0.999137	0.99967
12	9	1	0.999137	0.99967
12	10	1	0.999137	0.99967
12	11	1	0.999137	0.99967
12	12	1	0.999137	0.99967
12	13	1	0.999137	0.99967
12	14	1	0.999137	0.99967
12	15	1	0.999137	0.99967
12	16	1	0.999137	0.99967
12	17	1	0.999137	0.99967
12	18	1	0.999137	0.99967
12	19	1	0.999137	0.99967
13	0	0	0.999186	0.999644
13	1	0	0.999186	0.999644
13	2	0	0.999186	0.999644
13	3	0	0.999186	0.999644
13	4	0	0.999186	0.999644
13	5	0	0.999186	0.999644
13	6	0	0.999186	0.999644
13	7	0	0.999186	0.999644
13	8	0	0.999186	0.999644
13	9	0	0.999186	0.999644
13	10	0	0.999186	0.999644
13	11	0	0.999186	0.999644
13	12	0	0.999186	0.999644
13	13	0	0.999186	0.999644
13	14	0	0.999186	0.999644
13	15	0	0.999186	0.999644
13	16	0	0.999186	0.999644
13	17	0	0.999186	0.999644
13	18	0	0.999186	0.999644
13	19	0	0.999186	0.999644
14	0	0	0.999084	0.999657
14	1	0	0.999084	0.999657
14	2	0	0.999084	0.999657
14	3	0	0.999084	0.999657
14	4	0	0.999084	0.999657
14	5	0	0.999084	0.999657
14	6	0	0.999084	0.999657
14	7	0	0.999084	0.999657
14	8	0	0.999084	0.999657
14	9	0	0.999084	0.999657
14	10	0	0.999084	0.999657
14	11	0	0.999084	0.999657
14	12	0	0.999084	0.999657
14	13	0	0.999084	0.999657
14	14	0	0.999084	0.999657
14	15	0	0.999084	0.999657
14	16	0	0.999084	0.999657
14	17	0	0.999084	0.999657
14	18	0	0.999084	0.999657
14	19	0	0.999084	0.999657
15	0	0	0.998962	0.99967
15	1	0	0.998962	0.99967
15	2	0	0.998962	0.99967
15	3	0	0.998962	0.99967
15	4	0	0.998962	0.99967
15	5	0	0.998962	0.99967
15	6	0	0.998962	0.99967
15	7	0	0.998962	0.99967
15	8	0	0.998962	0.99967
15	9	0	0.998962	0.99967
15	10	0	0.998962	0.99967
15	11	0	0.998962	0.99967
15	12	0	0.998962	0.99967
15	13	0	0.998962	0.99967
15	14	0	0.998962	0.99967
15	15	0	0.998962	0.99967
15	16	0	0.998962	0.99967
15	17	0	0.998962	0.99967
15	18	0	0.998962	0.99967
15	19	0	0.998962	0.99967
16	0	1	0.998815	0.999681
16	1	1	0.998815	0.999681
16	2	1	0.998815	0.999681
16	3	1	0.998815	0.999681
16	4	1	0.998815	0.999681
16	5	1	0.998815	0.999681
16	6	1	0.998815	0.999681
16	7	1	0.998815	0.999681
16	8	1	0.998815	0.999681
16	9	1	0.998815	0.999681
16	10	1	0.998815	0.999681
16	11	1	0.998815	0.999681
16	12	1	0.998815	0.999681
16	13	1	0.998815	0.999681
16	14	1	0.998815	0.999681
16	15	1	0.998815	0.999681
16	16	1	0.998815	0.999681
16	17	1	0.998815	0.999681
16	18	1	0.998815	0.999681
16	19	1	0.998815	0.999681
17	0	1	0.998893	0.999657
17	1	1	0.998893	0.999657
17	2	1	0.998893	0.999657
17	3	1	0.998893	0.999657
17	4	1	0.998893	0.999657
17	5	1	0.998893	0.999657
17	6	1	0.998893	0.999657
17	7	1	0.998893	0.999657
17	8	1	0.998893	0.999657
17	9	1	0.998893	0.999657
17	10	1	0.998893	0.999657
17	11	1	0.998893	0.999657
17	12	1	0.998893	0.999657
17	13	1	0.998893	0.999657
17	14	1	0.998893	0.999657
17	15	1	0.998893	0.999657
17	16	1	0.998893	0.999657
17	17	1	0.998893	0.999657
17	18	1	0.998893	0.999657
17	19	1	0.998893	0.999657
18	0	0	0.998963	0.999631
18	1	0	0.998963	0.999631
18	2	0	0.998963	0.999631
18	3	0	0.998963	0.999631
18	4	0	0.998963	0.999631
18	5	0	0.998963	0.999631
18	6	0	0.998963	0.999631
18	7	0	0.998963	0.999631
18	8	0	0.998963	0.999631
18	9	0	0.998963	0.999631
18	10	0	0.998963	0.999631
18	11	0	0.998963	0.999631
18	12	0	0.998963	0.999631
18	13	0	0.998963	0.999631
18	14	0	0.998963	0.999631
18	15	0	0.998963	0.999631
18	16	0	0.998963	0.999631
18	17	0	0.998963	0.999631
18	18	0	0.998963	0.999631
18	19	0	0.998963	0.999631
19	0	1	0.998815	0.999644
19	1	1	0.998815	0.999644
19	2	1	0.998815	0.999644
19	3	1	0.998815	0.999644
19	4	1	0.998815	0.999644
19	5	1	0.998815	0.999644
19	6	1	0.998815	0.999644
19	7	1	0.998815	0.999644
19	8	1	0.998815	0.999644
19	9	1	0.998815	0.999644
19	10	1	0.998815	0.999644
19	11	1	0.998815	0.999644
19	12	1	0.998815	0.999644
19	13	1	0.998815	0.999644
19	14	1	0.998815	0.999644
19	15	1	0.998815	0.999644
19	16	1	0.998815	0.999644
19	17	1	0.998815	0.999644
19	18	1	0.998815	0.999644
19	19	1	0.998815	0.999644
20	0	0	0.998893	0.999616
20	1	0	0.998893	0.999616
20	2	0	0.998893	0.999616
20	3	0	0.998893	0.999616
20	4	0	0.998893	0.999616
20	5	0	0.998893	0.999616
20	6	0	0.998893	0.999616
20	7	0	0.998893	0.999616
20	8	0	0.998893	0.999616
20	9	0	0.998893	0.999616
20	10	0	0.998893	0.999616
20	11	0	0.998893	0.999616
20	12	0	0.998893	0.999616
20	13	0	0.998893	0.999616
20	14	0	0.998893	0.999616
20	15	0	0.998893	0.999616
20	16	0	0.998893	0.999616
20	17	0	0.998893	0.999616
20	18	0	0.998893	0.999616
20	19	0	0.998893	0.999616
21	0	0	0.998729	0.999631
21	1	0	0.998729	0.999631
21	2	0	0.998729	0.999631
21	3	0	0.998729	0.999631
21	4	0	0.998729	0.999631
21	5	0	0.998729	0.999631
21	6	0	0.998729	0.999631
21	7	0	0.998729	0.999631
21	8	0	0.998729	0.999631
21	9	0	0.998729	0.999631
21	10	0	0.998729	0.999631
21	11	0	0.998729	0.999631
21	12	0	0.998729	0.999631
21	13	0	0.998729	0.999631
21	14	0	0.998729	0.999631
21	15	0	0.998729	0.999631
21	16	0	0.998729	0.999631
21	17	0	0.998729	0.999631
21	18	0	0.998729	0.999631
21	19	0	0.998729	0.999631
22	0	1	0.998527	0.999644
22	1	1	0.998527	0.999644
22	2	1	0.998527	0.999644
22	3	1	0.998527	0.999644
22	4	1	0.998527	0.999644
22	5	1	0.998527	0.999644
22	6	1	0.998527	0.999644
22	7	1	0.998527	0.999644
22	8	1	0.998527	0.999644
22	9	1	0.998527	0.999644
22	10	1	0.998527	0.999644
22	11	1	0.998527	0.999644
22	12	1	0.998527	0.999644
22	13	1	0.998527	0.999644
22	14	1	0.998527	0.999644
22	15	1	0.998527	0.999644
22	16	1	0.998527	0.999644
22	17	1	0.998527	0.999644
22	18	1	0.998527	0.999644
22	19	1	0.998527	0.999644
23	0	1	0.998634	0.999616
23	1	1	0.998634	0.999616
23	2	1	0.998634	0.999616
23	3	1	0.998634	0.999616
23	4	1	0.998634	0.999616
23	5	1	0.998634	0.999616
23	6	1	0.998634	0.999616
23	7	1	0.998634	0.999616
23	8	1	0.998634	0.999616
23	9	1	0.998634	0.999616
23	10	1	0.998634	0.999616
23	11	1	0.998634	0.999616
23	12	1	0.998634	0.999616
23	13	1	0.998634	0.999616
23	14	1	0.998634	0.999616
23	15	1	0.998634	0.999616
23	16	1	0.998634	0.999616
23	17	1	0.998634	0.999616
23	18	1	0.998634	0.999616
23	19	1	0.998634	0.999616
24	0	0	0.99873	0.999584
24	1	0	0.99873	0.999584
24	2	0	0.99873	0.999584
24	3	0	0.99873	0.999584
24	4	0	0.99873	0.999584
24	5	0	0.99873	0.999584
24	6	0	0.99873	0.999584
24	7	0	0.99873	0.999584
24	8	0	0.99873	0.999584
24	9	0	0.99873	0.999584
24	10	0	0.99873	0.999584
24	11	0	0.99873	0.999584
24	12	0	0.99873	0.999584
24	13	0	0.99873	0.999584
24	14	0	0.99873	0.999584
24	15	0	0.99873	0.999584
24	16	0	0.99873	0.999584
24	17	0	0.99873	0.999584
24	18	0	0.99873	0.999584
24	19	0	0.99873	0.999584
25	0	0	0.998527	0.9996
25	1	0	0.998527	0.9996
25	2	0	0.998527	0.9996
25	3	0	0.998527	0.9996
25	4	0	0.998527	0.9996
25	5	0	0.998527	0.9996
25	6	0	0.998527	0.9996
25	7	0	0.998527	0.9996
25	8	0	0.998527	0.9996
25	9	0	0.998527	0.9996
25	10	0	0.998527	0.9996
25	11	0	0.998527	0.9996
25	12	0	0.998527	0.9996
25	13	0	0.998527	0.9996
25	14	0	0.998527	0.9996
25	15	0	0.998527	0.9996
25	16	0	0.998527	0.9996
25	17	0	0.998527	0.9996
25	18	0	0.998527	0.9996
25	19	0	0.998527	0.9996
26	0	1	0.998272	0.999616
26	1	1	0.998272	0.999616
26	2	1	0.998272	0.999616
26	3	1	0.998272	0.999616
26	4	1	0.998272	0.999616
26	5	1	0.998272	0.999616
26	6	1	0.998272	0.999616
26	7	1	0.998272	0.999616
26	8	1	0.998272	0.999616
26	9	1	0.998272	0.999616
26	10	1	0.998272	0.999616
26	11	1	0.998272	0.999616
26	12	1	0.998272	0.999616
26	13	1	0.998272	0.999616
26	14	1	0.998272	0.999616
26	15	1	0.998272	0.999616
26	16	1	0.998272	0.999616
26	17	1	0.998272	0.999616
26	18	1	0.998272	0.999616
26	19	1	0.998272	0.999616
27	0	0	0.998408	0.999584
27	1	0	0.998408	0.999584
27	2	0	0.998408	0.999584
27	3	0	0.998408	0.999584
27	4	0	0.998408	0.999584
27	5	0	0.998408	0.999584
27	6	0	0.998408	0.999584
27	7	0	0.998408	0.999584
27	8	0	0.998408	0.999584
27	9	0	0.998408	0.999584
27	10	0	0.998408	0.999584
27	11	0	0.998408	0.999584
27	12	0	0.998408	0.999584
27	13	0	0.998408	0.999584
27	14	0	0.998408	0.999584
27	15	0	0.998408	0.999584
27	16	0	0.998408	0.999584
27	17	0	0.998408	0.999584
27	18	0	0.998408	0.999584
27	19	0	0.998408	0.999584
28	0	1	0.998119	0.9996
28	1	1	0.998119	0.9996
28	2	1	0.998119	0.9996
28	3	1	0.998119	0.9996
28	4	1	0.998119	0.9996
28	5	1	0.998119	0.9996
28	6	1	0.998119	0.9996
28	7	1	0.998119	0.9996
28	8	1	0.998119	0.9996
28	9	1	0.998119	0.9996
28	10	1	0.998119	0.9996
28	11	1	0.998119	0.9996
28	12	1	0.998119	0.9996
28	13	1	0.998119	0.9996
28	14	1	0.998119	0.9996
28	15	1	0.998119	0.9996
28	16	1	0.998119	0.9996
28	17	1	0.998119	0.9996
28	18	1	0.998119	0.9996
28	19	1	0.998119	0.9996
29	0	1	0.998273	0.999566
29	1	1	0.998273	0.999566
29	2	1	0.998273	0.999566
29	3	1	0.998273	0.999566
29	4	1	0.998273	0.999566
29	5	1	0.998273	0.999566
29	6	1	0.998273	0.999566
29	7	1	0.998273	0.999566
29	8	1	0.998273	0.999566
29	9	1	0.998273	0.999566
29	10	1	0.998273	0.999566
29	11	1	0.998273	0.999566
29	12	1	0.998273	0.999566
29	13	1	0.998273	0.999566
29	14	1	0.998273	0.999566
29	15	1	0.998273	0.999566
29	16	1	0.998273	0.999566
29	17	1	0.998273	0.999566
29	18	1	0.998273	0.999566
29	19	1	0.998273	0.999566
30	0	1	0.998408	0.999528
30	1	1	0.998408	0.999528
30	2	1	0.998408	0.999528
30	3	1	0.998408	0.999528
30	4	1	0.998408	0.999528
30	5	1	0.998408	0.999528
30	6	1	0.998408	0.999528
30	7	1	0.998408	0.999528
30	8	1	0.998408	0.999528
30	9	1	0.998408	0.999528
30	10	1	0.998408	0.999528
30	11	1	0.998408	0.999528
30	12	1	0.998408	0.999528
30	13	1	0.998408	0.999528
30	14	1	0.998408	0.999528
30	15	1	0.998408	0.999528
30	16	1	0.998408	0.999528
30	17	1	0.998408	0.999528
30	18	1	0.998408	0.999528
30	19	1	0.998408	0.999528
31	0	1	0.998528	0.999484
31	1	1	0.998528	0.999484
31	2	1	0.998528	0.999484
31	3	1	0.998528	0.999484
31	4	1	0.998528	0.999484
31	5	1	0.998528	0.999484
31	6	1	0.998528	0.999484
31	7	1	0.998528	0.999484
31	8	1	0.998528	0.999484
31	9	1	0.998528	0.999484
31	10	1	0.998528	0.999484
31	11	1	0.998528	0.999484
31	12	1	0.998528	0.999484
31	13	1	0.998528	0.999484
31	14	1	0.998528	0.999484
31	15	1	0.998528	0.999484
31	16	1	0.998528	0.999484
31	17	1	0.998528	0.999484
31	18	1	0.998528	0.999484
31	19	1	0.998528	0.999484
32	0	0	0.998634	0.999434
32	1	0	0.998634	0.999434
32	2	0	0.998634	0.999434
32	3	0	0.998634	0.999434
32	4	0	0.998634	0.999434
32	5	0	0.998634	0.999434
32	6	0	0.998634	0.999434
32	7	0	0.998634	0.999434
32	8	0	0.998634	0.999434
32	9	0	0.998634	0.999434
32	10	0	0.998634	0.999434
32	11	0	0.998634	0.999434
32	12	0	0.998634	0.999434
32	13	0	0.998634	0.999434
32	14	0	0.998634	0.999434
32	15	0	0.998634	0.999434
32	16	0	0.998634	0.999434
32	17	0	0.998634	0.999434
32	18	0	0.998634	0.999434
32	19	0	0.998634	0.999434
33	0	0	0.998407	0.99946
33	1	0	0.998407	0.99946
33	2	0	0.998407	0.99946
33	3	0	0.998407	0.99946
33	4	0	0.998407	0.99946
33	5	0	0.998407	0.99946
33	6	0	0.998407	0.99946
33	7	0	0.998407	0.99946
33	8	0	0.998407	0.99946
33	9	0	0.998407	0.99946
33	10	0	0.998407	0.99946
33	11	0	0.998407	0.99946
33	12	0	0.998407	0.99946
33	13	0	0.998407	0.99946
33	14	0	0.998407	0.99946
33	15	0	0.998407	0.99946
33	16	0	0.998407	0.99946
33	17	0	0.998407	0.99946
33	18	0	0.998407	0.99946
33	19	0	0.998407	0.99946
34	0	1	0.998119	0.999484
34	1	1	0.998119	0.999484
34	2	1	0.998119	0.999484
34	3	1	0.998119	0.999484
34	4	1	0.998119	0.999484
34	5	1	0.998119	0.999484
34	6	1	0.998119	0.999484
34	7	1	0.998119	0.999484
34	8	1	0.998119	0.999484
34	9	1	0.998119	0.999484
34	10	1	0.998119	0.999484
34	11	1	0.998119	0.999484
34	12	1	0.998119	0.999484
34	13	1	0.998119	0.999484
34	14	1	0.998119	0.999484
34	15	1	0.998119	0.999484
34	16	1	0.998119	0.999484
34	17	1	0.998119	0.999484
34	18	1	0.998119	0.999484
34	19	1	0.998119	0.999484
35	0	0	0.998273	0.999434
35	1	0	0.998273	0.999434
35	2	0	0.998273	0.999434
35	3	0	0.998273	0.999434
35	4	0	0.998273	0.999434
35	5	0	0.998273	0.999434
35	6	0	0.998273	0.999434
35	7	0	0.998273	0.999434
35	8	0	0.998273	0.999434
35	9	0	0.998273	0.999434
35	10	0	0.998273	0.999434
35	11	0	0.998273	0.999434
35	12	0	0.998273	0.999434
35	13	0	0.998273	0.999434
35	14	0	0.998273	0.999434
35	15	0	0.998273	0.999434
35	16	0	0.998273	0.999434
35	17	0	0.998273	0.999434
35	18	0	0.998273	0.999434
35	19	0	0.998273	0.999434
36	0	0	0.997945	0.99946
36	1	0	0.997945	0.99946
36	2	0	0.997945	0.99946
36	3	0	0.997945	0.99946
36	4	0	0.997945	0.99946
36	5	0	0.997945	0.99946
36	6	0	0.997945	0.99946
36	7	0	0.997945	0.99946
36	8	0	0.997945	0.99946
36	9	0	0.997945	0.99946
36	10	0	0.997945	0.99946
36	11	0	0.997945	0.99946
36	12	0	0.997945	0.99946
36	13	0	0.997945	0.99946
36	14	0	0.997945	0.99946
36	15	0	0.997945	0.99946
36	16	0	0.997945	0.99946
36	17	0	0.997945	0.99946
36	18	0	0.997945	0.99946
36	19	0	0.997945	0.99946
37	0	1	0.997516	0.999484
37	1	1	0.997516	0.999484
37	2	1	0.997516	0.999484
37	3	1	0.997516	0.999484
37	4	1	0.997516	0.999484
37	5	1	0.997516	0.999484
37	6	1	0.997516	0.999484
37	7	1	0.997516	0.999484
37	8	1	0.997516	0.999484
37	9	1	0.997516	0.999484
37	10	1	0.997516	0.999484
37	11	1	0.997516	0.999484
37	12	1	0.997516	0.999484
37	13	1	0.997516	0.999484
37	14	1	0.997516	0.999484
37	15	1	0.997516	0.999484
37	16	1	0.997516	0.999484
37	17	1	0.997516	0.999484
37	18	1	0.997516	0.999484
37	19	1	0.997516	0.999484
38	0	0	0.997749	0.999434
38	1	0	0.997749	0.999434
38	2	0	0.997749	0.999434
38	3	0	0.997749	0.999434
38	4	0	0.997749	0.999434
38	5	0	0.997749	0.999434
38	6	0	0.997749	0.999434
38	7	0	0.997749	0.999434
38	8	0	0.997749	0.999434
38	9	0	0.997749	0.999434
38	10	0	0.997749	0.999434
38	11	0	0.997749	0.999434
38	12	0	0.997749	0.999434
38	13	0	0.997749	0.999434
38	14	0	0.997749	0.999434
38	15	0	0.997749	0.999434
38	16	0	0.997749	0.999434
38	17	0	0.997749	0.999434
38	18	0	0.997749	0.999434
38	19	0	0.997749	0.999434
39	0	1	0.99725	0.99946
39	1	1	0.99725	0.99946
39	2	1	0.99725	0.99946
39	3	1	0.99725	0.99946
39	4	1	0.99725	0.99946
39	5	1	0.99725	0.99946
39	6	1	0.99725	0.99946
39	7	1	0.99725	0.99946
39	8	1	0.99725	0.99946
39	9	1	0.99725	0.99946
39	10	1	0.99725	0.99946
39	11	1	0.99725	0.99946
39	12	1	0.99725	0.99946
39	13	1	0.99725	0.99946
39	14	1	0.99725	0.99946
39	15	1	0.99725	0.99946
39	16	1	0.99725	0.99946
39	17	1	0.99725	0.99946
39	18	1	0.99725	0.99946
39	19	1	0.99725	0.99946
40	0	1	0.99752	0.999406
40	1	1	0.99752	0.999406
40	2	1	0.99752	0.999406
40	3	1	0.99752	0.999406
40	4	1	0.99752	0.999406
40	5	1	0.99752	0.999406
40	6	1	0.99752	0.999406
40	7	1	0.99752	0.999406
40	8	1	0.99752	0.999406
40	9	1	0.99752	0.999406
40	10	1	0.99752	0.999406
40	11	1	0.99752	0.999406
40	12	1	0.99752	0.999406
40	13	1	0.99752	0.999406
40	14	1	0.99752	0.999406
40	15	1	0.99752	0.999406
40	16	1	0.99752	0.999406
40	17	1	0.99752	0.999406
40	18	1	0.99752	0.999406
40	19	1	0.99752	0.999406
41	0	1	0.997749	0.999344
41	1	1	0.997749	0.999344
41	2	1	0.997749	0.999344
41	3	1	0.997749	0.999344
41	4	1	0.997749	0.999344
41	5	1	0.997749	0.999344
41	6	1	0.997749	0.999344
41	7	1	0.997749	0.999344
41	8	1	0.997749	0.999344
41	9	1	0.997749	0.999344
41	10	1	0.997749	0.999344
41	11	1	0.997749	0.999344
41	12	1	0.997749	0.999344
41	13	1	0.997749	0.999344
41	14	1	0.997749	0.999344
41	15	1	0.997749	0.999344
41	16	1	0.997749	0.999344
41	17	1	0.997749	0.999344
41	18	1	0.997749	0.999344
41	19	1	0.997749	0.999344
42	0	1	0.997947	0.999271
42	1	1	0.997947	0.999271
42	2	1	0.997947	0.999271
42	3	1	0.997947	0.999271
42	4	1	0.997947	0.999271
42	5	1	0.997947	0.999271
42	6	1	0.997947	0.999271
42	7	1	0.997947	0.999271
42	8	1	0.997947	0.999271
42	9	1	0.997947	0.999271
42	10	1	0.997947	0.999271
42	11	1	0.997947	0.999271
42	12	1	0.997947	0.999271
42	13	1	0.997947	0.999271
42	14	1	0.997947	0.999271
42	15	1	0.997947	0.999271
42	16	1	0.997947	0.999271
42	17	1	0.997947	0.999271
42	18	1	0.997947	0.999271
42	19	1	0.997947	0.999271
43	0	0	0.998121	0.999186
43	1	0	0.998121	0.999186
43	2	0	0.998121	0.999186
43	3	0	0.998121	0.999186
43	4	0	0.998121	0.999186
43	5	0	0.998121	0.999186
43	6	0	0.998121	0.999186
43	7	0	0.998121	0.999186
43	8	0	0.998121	0.999186
43	9	0	0.998121	0.999186
43	10	0	0.998121	0.999186
43	11	0	0.998121	0.999186
43	12	0	0.998121	0.999186
43	13	0	0.998121	0.999186
43	14	0	0.998121	0.999186
43	15	0	0.998121	0.999186
43	16	0	0.998121	0.999186
43	17	0	0.998121	0.999186
43	18	0	0.998121	0.999186
43	19	0	0.998121	0.999186
44	0	0	0.997746	0.99923
44	1	0	0.997746	0.99923
44	2	0	0.997746	0.99923
44	3	0	0.997746	0.99923
44	4	0	0.997746	0.99923
44	5	0	0.997746	0.99923
44	6	0	0.997746	0.99923
44	7	0	0.997746	0.99923
44	8	0	0.997746	0.99923
44	9	0	0.997746	0.99923
44	10	0	0.997746	0.99923
44	11	0	0.997746	0.99923
44	12	0	0.997746	0.99923
44	13	0	0.997746	0.99923
44	14	0	0.997746	0.99923
44	15	0	0.997746	0.99923
44	16	0	0.997746	0.99923
44	17	0	0.997746	0.99923
44	18	0	0.997746	0.99923
44	19	0	0.997746	0.99923
45	0	1	0.99725	0.999271
45	1	1	0.99725	0.999271
45	2	1	0.99725	0.999271
45	3	1	0.99725	0.999271
45	4	1	0.99725	0.999271
45	5	1	0.99725	0.999271
45	6	1	0.99725	0.999271
45	7	1	0.99725	0.999271
45	8	1	0.99725	0.999271
45	9	1	0.99725	0.999271
45	10	1	0.99725	0.999271
45	11	1	0.99725	0.999271
45	12	1	0.99725	0.999271
45	13	1	0.99725	0.999271
45	14	1	0.99725	0.999271
45	15	1	0.99725	0.999271
45	16	1	0.99725	0.999271
45	17	1	0.99725	0.999271
45	18	1	0.99725	0.999271
45	19	1	0.99725	0.999271
46	0	0	0.99752	0.999186
46	1	0	0.99752	0.999186
46	2	0	0.99752	0.999186
46	3	0	0.99752	0.999186
46	4	0	0.99752	0.999186
46	5	0	0.99752	0.999186
46	6	0	0.99752	0.999186
46	7	0	0.99752	0.999186
46	8	0	0.99752	0.999186
46	9	0	0.99752	0.999186
46	10	0	0.99752	0.999186
46	11	0	0.99752	0.999186
46	12	0	0.99752	0.999186
46	13	0	0.99752	0.999186
46	14	0	0.99752	0.999186
46	15	0	0.99752	0.999186
46	16	0	0.99752	0.999186
46	17	0	0.99752	0.999186
46	18	0	0.99752	0.999186
46	19	0	0.99752	0.999186
47	0	1	0.996938	0.99923
47	1	1	0.996938	0.99923
47	2	1	0.996938	0.99923
47	3	1	0.996938	0.99923
47	4	1	0.996938	0.99923
47	5	1	0.996938	0.99923
47	6	1	0.996938	0.99923
47	7	1	0.996938	0.99923
47	8	1	0.996938	0.99923
47	9	1	0.996938	0.99923
47	10	1	0.996938	0.99923
47	11	1	0.996938	0.99923
47	12	1	0.996938	0.99923
47	13	1	0.996938	0.99923
47	14	1	0.996938	0.99923
47	15	1	0.996938	0.99923
47	16	1	0.996938	0.99923
47	17	1	0.996938	0.99923
47	18	1	0.996938	0.99923
47	19	1	0.996938	0.99923
48	0	1	0.997254	0.999137
48	1	1	0.997254	0.999137
48	2	1	0.997254	0.999137
48	3	1	0.997254	0.999137
48	4	1	0.997254	0.999137
48	5	1	0.997254	0.999137
48	6	1	0.997254	0.999137
48	7	1	0.997254	0.999137
48	8	1	0.997254	0.999137
48	9	1	0.997254	0.999137
48	10	1	0.997254	0.999137
48	11	1	0.997254	0.999137
48	12	1	0.997254	0.999137
48	13	1	0.997254	0.999137
48	14	1	0.997254	0.999137
48	15	1	0.997254	0.999137
48	16	1	0.997254	0.999137
48	17	1	0.997254	0.999137
48	18	1	0.997254	0.999137
48	19	1	0.997254	0.999137
49	0	0	0.99752	0.999026
49	1	0	0.99752	0.999026
49	2	0	0.99752	0.999026
49	3	0	0.99752	0.999026
49	4	0	0.99752	0.999026
49	5	0	0.99752	0.999026
49	6	0	0.99752	0.999026
49	7	0	0.99752	0.999026
49	8	0	0.99752	0.999026
49	9	0	0.99752	0.999026
49	10	0	0.99752	0.999026
49	11	0	0.99752	0.999026
49	12	0	0.99752	0.999026
49	13	0	0.99752	0.999026
49	14	0	0.99752	0.999026
49	15	0	0.99752	0.999026
49	16	0	0.99752	0.999026
49	17	0	0.99752	0.999026
49	18	0	0.99752	0.999026
49	19	0	0.99752	0.999026
50	0	1	0.996938	0.999084
50	1	1	0.996938	0.999084
50	2	1	0.996938	0.999084
50	3	1	0.996938	0.999084
50	4	1	0.996938	0.999084
50	5	1	0.996938	0.999084
50	6	1	0.996938	0.999084
50	7	1	0.996938	0.999084
50	8	1	0.996938	0.999084
50	9	1	0.996938	0.999084
50	10	1	0.996938	0.999084
50	11	1	0.996938	0.999084
50	12	1	0.996938	0.999084
50	13	1	0.996938	0.999084
50	14	1	0.996938	0.999084
50	15	1	0.996938	0.999084
50	16	1	0.996938	0.999084
50	17	1	0.996938	0.999084
50	18	1	0.996938	0.999084
50	19	1	0.996938	0.999084
51	0	1	0.997254	0.998962
51	1	1	0.997254	0.998962
51	2	1	0.997254	0.998962
51	3	1	0.997254	0.998962
51	4	1	0.997254	0.998962
51	5	1	0.997254	0.998962
51	6	1	0.997254	0.998962
51	7	1	0.997254	0.998962
51	8	1	0.997254	0.998962
51	9	1	0.997254	0.998962
51	10	1	0.997254	0.998962
51	11	1	0.997254	0.998962
51	12	1	0.997254	0.998962
51	13	1	0.997254	0.998962
51	14	1	0.997254	0.998962
51	15	1	0.997254	0.998962
51	16	1	0.997254	0.998962
51	17	1	0.997254	0.998962
51	18	1	0.997254	0.998962
51	19	1	0.997254	0.998962
52	0	0	0.99752	0.998815
52	1	0	0.99752	0.998815
52	2	0	0.99752	0.998815
52	3	0	0.99752	0.998815
52	4	0	0.99752	0.998815
52	5	0	0.99752	0.998815
52	6	0	0.99752	0.998815
52	7	0	0.99752	0.998815
52	8	0	0.99752	0.998815
52	9	0	0.99752	0.998815
52	10	0	0.99752	0.998815
52	11	0	0.99752	0.998815
52	12	0	0.99752	0.998815
52	13	0	0.99752	0.998815
52	14	0	0.99752	0.998815
52	15	0	0.99752	0.998815
52	16	0	0.99752	0.998815
52	17	0	0.99752	0.998815
52	18	0	0.99752	0.998815
52	19	0	0.99752	0.998815
53	0	0	0.996938	0.998893
53	1	0	0.996938	0.998893
53	2	0	0.996938	0.998893
53	3	0	0.996938	0.998893
53	4	0	0.996938	0.998893
53	5	0	0.996938	0.998893
53	6	0	0.996938	0.998893
53	7	0	0.996938	0.998893
53	8	0	0.996938	0.998893
53	9	0	0.996938	0.998893
53	10	0	0.996938	0.998893
53	11	0	0.996938	0.998893
53	12	0	0.996938	0.998893
53	13	0	0.996938	0.998893
53	14	0	0.996938	0.998893
53	15	0	0.996938	0.998893
53	16	0	0.996938	0.998893
53	17	0	0.996938	0.998893
53	18	0	0.996938	0.998893
53	19	0	0.996938	0.998893
54	0	0	0.996133	0.998963
54	1	0	0.996133	0.998963
54	2	0	0.996133	0.998963
54	3	0	0.996133	0.998963
54	4	0	0.996133	0.998963
54	5	0	0.996133	0.998963
54	6	0	0.996133	0.998963
54	7	0	0.996133	0.998963
54	8	0	0.996133	0.998963
54	9	0	0.996133	0.998963
54	10	0	0.996133	0.998963
54	11	0	0.996133	0.998963
54	12	0	0.996133	0.998963
54	13	0	0.996133	0.998963
54	14	0	0.996133	0.998963
54	15	0	0.996133	0.998963
54	16	0	0.996133	0.998963
54	17	0	0.996133	0.998963
54	18	0	0.996133	0.998963
54	19	0	0.996133	0.998963
55	0	1	0.994963	0.999026
55	1	1	0.994963	0.999026
55	2	1	0.994963	0.999026
55	3	1	0.994963	0.999026
55	4	1	0.994963	0.999026
55	5	1	0.994963	0.999026
55	6	1	0.994963	0.999026
55	7	1	0.994963	0.999026
55	8	1	0.994963	0.999026
55	9	1	0.994963	0.999026
55	10	1	0.994963	0.999026
55	11	1	0.994963	0.999026
55	12	1	0.994963	0.999026
55	13	1	0.994963	0.999026
55	14	1	0.994963	0.999026
55	15	1	0.994963	0.999026
55	16	1	0.994963	0.999026
55	17	1	0.994963	0.999026
55	18	1	0.994963	0.999026
55	19	1	0.994963	0.999026
56	0	1	0.99562	0.998892
56	1	1	0.99562	0.998892
56	2	1	0.99562	0.998892
56	3	1	0.99562	0.998892
56	4	1	0.99562	0.998892
56	5	1	0.99562	0.998892
56	6	1	0.99562	0.998892
56	7	1	0.99562	0.998892
56	8	1	0.99562	0.998892
56	9	1	0.99562	0.998892
56	10	1	0.99562	0.998892
56	11	1	0.99562	0.998892
56	12	1	0.99562	0.998892
56	13	1	0.99562	0.998892
56	14	1	0.99562	0.998892
56	15	1	0.99562	0.998892
56	16	1	0.99562	0.998892
56	17	1	0.99562	0.998892
56	18	1	0.99562	0.998892
56	19	1	0.99562	0.998892
57	0	0	0.996143	0.998729
57	1	0	0.996143	0.998729
57	2	0	0.996143	0.998729
57	3	0	0.996143	0.998729
57	4	0	0.996143	0.998729
57	5	0	0.996143	0.998729
57	6	0	0.996143	0.998729
57	7	0	0.996143	0.998729
57	8	0	0.996143	0.998729
57	9	0	0.996143	0.998729
57	10	0	0.996143	0.998729
57	11	0	0.996143	0.998729
57	12	0	0.996143	0.998729
57	13	0	0.996143	0.998729
57	14	0	0.996143	0.998729
57	15	0	0.996143	0.998729
57	16	0	0.996143	0.998729
57	17	0	0.996143	0.998729
57	18	0	0.996143	0.998729
57	19	0	0.996143	0.998729
58	0	1	0.994963	0.998815
58	1	1	0.994963	0.998815
58	2	1	0.994963	0.998815
58	3	1	0.994963	0.998815
58	4	1	0.994963	0.998815
58	5	1	0.994963	0.998815
58	6	1	0.994963	0.998815
58	7	1	0.994963	0.998815
58	8	1	0.994963	0.998815
58	9	1	0.994963	0.998815
58	10	1	0.994963	0.998815
58	11	1	0.994963	0.998815
58	12	1	0.994963	0.998815
58	13	1	0.994963	0.998815
58	14	1	0.994963	0.998815
58	15	1	0.994963	0.998815
58	16	1	0.994963	0.998815
58	17	1	0.994963	0.998815
58	18	1	0.994963	0.998815
58	19	1	0.994963	0.998815
59	0	0	0.99562	0.998633
59	1	0	0.99562	0.998633
59	2	0	0.99562	0.998633
59	3	0	0.99562	0.998633
59	4	0	0.99562	0.998633
59	5	0	0.99562	0.998633
59	6	0	0.99562	0.998633
59	7	0	0.99562	0.998633
59	8	0	0.99562	0.998633
59	9	0	0.99562	0.998633
59	10	0	0.99562	0.998633
59	11	0	0.99562	0.998633
59	12	0	0.99562	0.998633
59	13	0	0.99562	0.998633
59	14	0	0.99562	0.998633
59	15	0	0.99562	0.998633
59	16	0	0.99562	0.998633
59	17	0	0.99562	0.998633
59	18	0	0.99562	0.998633
59	19	0	0.99562	0.998633
60	0	0	0.994169	0.99873
60	1	0	0.994169	0.99873
60	2	0	0.994169	0.99873
60	3	0	0.994169	0.99873
60	4	0	0.994169	0.99873
60	5	0	0.994169	0.99873
60	6	0	0.994169	0.99873
60	7	0	0.994169	0.99873
60	8	0	0.994169	0.99873
60	9	0	0.994169	0.99873
60	10	0	0.994169	0.99873
60	11	0	0.994169	0.99873
60	12	0	0.994169	0.99873
60	13	0	0.994169	0.99873
60	14	0	0.994169	0.99873
60	15	0	0.994169	0.99873
60	16	0	0.994169	0.99873
60	17	0	0.994169	0.99873
60	18	0	0.994169	0.99873
60	19	0	0.994169	0.99873
61	0	1	0.991898	0.998815
61	1	1	0.991898	0.998815
61	2	1	0.991898	0.998815
61	3	1	0.991898	0.998815
61	4	1	0.991898	0.998815
61	5	1	0.991898	0.998815
61	6	1	0.991898	0.998815
61	7	1	0.991898	0.998815
61	8	1	0.991898	0.998815
61	9	1	0.991898	0.998815
61	10	1	0.991898	0.998815
61	11	1	0.991898	0.998815
61	12	1	0.991898	0.998815
61	13	1	0.991898	0.998815
61	14	1	0.991898	0.998815
61	15	1	0.991898	0.998815
61	16	1	0.991898	0.998815
61	17	1	0.991898	0.998815
61	18	1	0.991898	0.998815
61	19	1	0.991898	0.998815
62	0	0	0.993214	0.998633
62	1	0	0.993214	0.998633
62	2	0	0.993214	0.998633
62	3	0	0.993214	0.998633
62	4	0	0.993214	0.998633
62	5	0	0.993214	0.998633
62	6	0	0.993214	0.998633
62	7	0	0.993214	0.998633
62	8	0	0.993214	0.998633
62	9	0	0.993214	0.998633
62	10	0	0.993214	0.998633
62	11	0	0.993214	0.998633
62	12	0	0.993214	0.998633
62	13	0	0.993214	0.998633
62	14	0	0.993214	0.998633
62	15	0	0.993214	0.998633
62	16	0	0.993214	0.998633
62	17	0	0.993214	0.998633
62	18	0	0.993214	0.998633
62	19	0	0.993214	0.998633
63	0	1	0.990232	0.99873
63	1	1	0.990232	0.99873
63	2	1	0.990232	0.99873
63	3	1	0.990232	0.99873
63	4	1	0.990232	0.99873
63	5	1	0.990232	0.99873
63	6	1	0.990232	0.99873
63	7	1	0.990232	0.99873
63	8	1	0.990232	0.99873
63	9	1	0.990232	0.99873
63	10	1	0.990232	0.99873
63	11	1	0.990232	0.99873
63	12	1	0.990232	0.99873
63	13	1	0.990232	0.99873
63	14	1	0.990232	0.99873
63	15	1	0.990232	0.99873
63	16	1	0.990232	0.99873
63	17	1	0.990232	0.99873
63	18	1	0.990232	0.99873
63	19	1	0.990232	0.99873
64	0	0	0.991961	0.998527
64	1	0	0.991961	0.998527
64	2	0	0.991961	0.998527
64	3	0	0.991961	0.998527
64	4	0	0.991961	0.998527
64	5	0	0.991961	0.998527
64	6	0	0.991961	0.998527
64	7	0	0.991961	0.998527
64	8	0	0.991961	0.998527
64	9	0	0.991961	0.998527
64	10	0	0.991961	0.998527
64	11	0	0.991961	0.998527
64	12	0	0.991961	0.998527
64	13	0	0.991961	0.998527
64	14	0	0.991961	0.998527
64	15	0	0.991961	0.998527
64	16	0	0.991961	0.998527
64	17	0	0.991961	0.998527
64	18	0	0.991961	0.998527
64	19	0	0.991961	0.998527
65	0	0	0.987998	0.998634
65	1	0	0.987998	0.998634
65	2	0	0.987998	0.998634
65	3	0	0.987998	0.998634
65	4	0	0.987998	0.998634
65	5	0	0.987998	0.998634
65	6	0	0.987998	0.998634
65	7	0	0.987998	0.998634
65	8	0	0.987998	0.998634
65	9	0	0.987998	0.998634
65	10	0	0.987998	0.998634
65	11	0	0.987998	0.998634
65	12	0	0.987998	0.998634
65	13	0	0.987998	0.998634
65	14	0	0.987998	0.998634
65	15	0	0.987998	0.998634
65	16	0	0.987998	0.998634
65	17	0	0.987998	0.998634
65	18	0	0.987998	0.998634
65	19	0	0.987998	0.998634
66	0	0	0.980468	0.99873
66	1	0	0.980468	0.99873
66	2	0	0.980468	0.99873
66	3	0	0.980468	0.99873
66	4	0	0.980468	0.99873
66	5	0	0.980468	0.99873
66	6	0	0.980468	0.99873
66	7	0	0.980468	0.99873
66	8	0	0.980468	0.99873
66	9	0	0.980468	0.99873
66	10	0	0.980468	0.99873
66	11	0	0.980468	0.99873
66	12	0	0.980468	0.99873
66	13	0	0.980468	0.99873
66	14	0	0.980468	0.99873
66	15	0	0.980468	0.99873
66	16	0	0.980468	0.99873
66	17	0	0.980468	0.99873
66	18	0	0.980468	0.99873
66	19	0	0.980468	0.99873
67	0	0	0.962971	0.998815
67	1	0	0.962971	0.998815
67	2	0	0.962971	0.998815
67	3	0	0.962971	0.998815
67	4	0	0.962971	0.998815
67	5	0	0.962971	0.998815
67	6	0	0.962971	0.998815
67	7	0	0.962971	0.998815
67	8	0	0.962971	0.998815
67	9	0	0.962971	0.998815
67	10	0	0.962971	0.998815
67	11	0	0.962971	0.998815
67	12	0	0.962971	0.998815
67	13	0	0.962971	0.998815
67	14	0	0.962971	0.998815
67	15	0	0.962971	0.998815
67	16	0	0.962971	0.998815
67	17	0	0.962971	0.998815
67	18	0	0.962971	0.998815
67	19	0	0.962971	0.998815
68	0	0	0.90659	0.998893
68	1	0	0.90659	0.998893
68	2	0	0.90659	0.998893
68	3	0	0.90659	0.998893
68	4	0	0.90659	0.998893
68	5	0	0.90659	0.998893
68	6	0	0.90659	0.998893
68	7	0	0.90659	0.998893
68	8	0	0.90659	0.998893
68	9	0	0.90659	0.998893
68	10	0	0.90659	0.998893
68	11	0	0.90659	0.998893
68	12	0	0.90659	0.998893
68	13	0	0.90659	0.998893
68	14	0	0.90659	0.998893
68	15	0	0.90659	0.998893
68	16	0	0.90659	0.998893
68	17	0	0.90659	0.998893
68	18	0	0.90659	0.998893
68	19	0	0.90659	0.998893
69	0	1	0.548876	0.998963
69	1	1	0.548876	0.998963
69	2	1	0.548876	0.998963
69	3	1	0.548876	0.998963
69	4	1	0.548876	0.998963
69	5	1	0.548876	0.998963
69	6	1	0.548876	0.998963
69	7	1	0.548876	0.998963
69	8	1	0.548876	0.998963
69	9	1	0.548876	0.998963
69	10	1	0.548876	0.998963
69	11	1	0.548876	0.998963
69	12	1	0.548876	0.998963
69	13	1	0.548876	0.998963
69	14	1	0.548876	0.998963
69	15	1	0.548876	0.998963
69	16	1	0.548876	0.998963
69	17	1	0.548876	0.998963
69	18	1	0.548876	0.998963
69	19	1	0.548876	0.998963
70	0	0	0.929959	0.998815
70	1	0	0.929959	0.998815
70	2	0	0.929959	0.998815
70	3	0	0.929959	0.998815
70	4	0	0.929959	0.998815
70	5	0	0.929959	0.998815
70	6	0	0.929959	0.998815
70	7	0	0.929959	0.998815
70	8	0	0.929959	0.998815
70	9	0	0.929959	0.998815
70	10	0	0.929959	0.998815
70	11	0	0.929959	0.998815
70	12	0	0.929959	0.998815
70	13	0	0.929959	0.998815
70	14	0	0.929959	0.998815
70	15	0	0.929959	0.998815
70	16	0	0.929959	0.998815
70	17	0	0.929959	0.998815
70	18	0	0.929959	0.998815
70	19	0	0.929959	0.998815
71	0	1	0	0.998893
71	1	1	0	0.998893
71	2	1	0	0.998893
71	3	1	0	0.998893
71	4	1	0	0.998893
71	5	1	0	0.998893
71	6	1	0	0.998893
71	7	1	0	0.998893
71	8	1	0	0.998893
71	9	1	0	0.998893
71	10	1	0	0.998893
71	11	1	0	0.998893
71	12	1	0	0.998893
71	13	1	0	0.998893
71	14	1	0	0.998893
71	15	1	0	0.998893
71	16	1	0	0.998893
71	17	1	0	0.998893
71	18	1	0	0.998893
71	19	1	0	0.998893
72	0	1	1	0.998729
72	1	1	1	0.998729
72	2	1	1	0.998729
72	3	1	1	0.998729
72	4	1	1	0.998729
72	5	1	1	0.998729
72	6	1	1	0.998729
72	7	1	1	0.998729
72	8	1	1	0.998729
72	9	1	1	0.998729
72	10	1	1	0.998729
72	11	1	1	0.998729
72	12	1	1	0.998729
72	13	1	1	0.998729
72	14	1	1	0.998729
72	15	1	1	0.998729
72	16	1	1	0.998729
72	17	1	1	0.998729
72	18	1	1	0.998729
72	19	1	1	0.998729
73	0	0	0.8	0.998527
73	1	0	0.8	0.998527
73	2	0	0.8	0.998527
73	3	0	0.8	0.998527
73	4	0	0.8	0.998527
73	5	0	0.8	0.998527
73	6	0	0.8	0.998527
73	7	0	0.8	0.998527
73	8	0	0.8	0.998527
73	9	0	0.8	0.998527
73	10	0	0.8	0.998527
73	11	0	0.8	0.998527
73	12	0	0.8	0.998527
73	13	0	0.8	0.998527
73	14	0	0.8	0.998527
73	15	0	0.8	0.998527
73	16	0	0.8	0.998527
73	17	0	0.8	0.998527
73	18	0	0.8	0.998527
73	19	0	0.8	0.998527
74	0	1	0	0.998634
74	1	1	0	0.998634
74	2	1	0	0.998634
74	3	1	0	0.998634
74	4	1	0	0.998634
74	5	1	0	0.998634
74	6	1	0	0.998634
74	7	1	0	0.998634
74	8	1	0	0.998634
74	9	1	0	0.998634
74	10	1	0	0.998634
74	11	1	0	0.998634
74	12	1	0	0.998634
74	13	1	0	0.998634
74	14	1	0	0.998634
74	15	1	0	0.998634
74	16	1	0	0.998634
74	17	1	0	0.998634
74	18	1	0	0.998634
74	19	1	0	0.998634
75	0	0	1	0.998407
75	1	0	1	0.998407
75	2	0	1	0.998407
75	3	0	1	0.998407
75	4	0	1	0.998407
75	5	0	1	0.998407
75	6	0	1	0.998407
75	7	0	1	0.998407
75	8	0	1	0.998407
75	9	0	1	0.998407
75	10	0	1	0.998407
75	11	0	1	0.998407
75	12	0	1	0.998407
75	13	0	1	0.998407
75	14	0	1	0.998407
75	15	0	1	0.998407
75	16	0	1	0.998407
75	17	0	1	0.998407
75	18	0	1	0.998407
75	19	0	1	0.998407
76	0	1	0	0.998528
76	1	1	0	0.998528
76	2	1	0	0.998528
76	3	1	0	0.998528
76	4	1	0	0.998528
76	5	1	0	0.998528
76	6	1	0	0.998528
76	7	1	0	0.998528
76	8	1	0	0.998528
76	9	1	0	0.998528
76	10	1	0	0.998528
76	11	1	0	0.998528
76	12	1	0	0.998528
76	13	1	0	0.998528
76	14	1	0	0.998528
76	15	1	0	0.998528
76	16	1	0	0.998528
76	17	1	0	0.998528
76	18	1	0	0.998528
76	19	1	0	0.998528
77	0	1	1	0.998272
77	1	1	1	0.998272
77	2	1	1	0.998272
77	3	1	1	0.998272
77	4	1	1	0.998272
77	5	1	1	0.998272
77	6	1	1	0.998272
77	7	1	1	0.998272
77	8	1	1	0.998272
77	9	1	1	0.998272
77	10	1	1	0.998272
77	11	1	1	0.998272
77	12	1	1	0.998272
77	13	1	1	0.998272
77	14	1	1	0.998272
77	15	1	1	0.998272
77	16	1	1	0.998272
77	17	1	1	0.998272
77	18	1	1	0.998272
77	19	1	1	0.998272
78	0	1	0.8	0.997945
78	1	1	0.8	0.997945
78	2	1	0.8	0.997945
78	3	1	0.8	0.997945
78	4	1	0.8	0.997945
78	5	1	0.8	0.997945
78	6	1	0.8	0.997945
78	7	1	0.8	0.997945
78	8	1	0.8	0.997945
78	9	1	0.8	0.997945
78	10	1	0.8	0.997945
78	11	1	0.8	0.997945
78	12	1	0.8	0.997945
78	13	1	0.8	0.997945
78	14	1	0.8	0.997945
78	15	1	0.8	0.997945
78	16	1	0.8	0.997945
78	17	1	0.8	0.997945
78	18	1	0.8	0.997945
78	19	1	0.8	0.997945
79	0	0	0.93361	0.997516
79	1	0	0.93361	0.997516
79	2	0	0.93361	0.997516
79	3	0	0.93361	0.997516
79	4	0	0.93361	0.997516
79	5	0	0.93361	0.997516
79	6	0	0.93361	0.997516
79	7	0	0.93361	0.997516
79	8	0	0.93361	0.997516
79	9	0	0.93361	0.997516
79	10	0	0.93361	0.997516
79	11	0	0.93361	0.997516
79	12	0	0.93361	0.997516
79	13	0	0.93361	0.997516
79	14	0	0.93361	0.997516
79	15	0	0.93361	0.997516
79	16	0	0.93361	0.997516
79	17	0	0.93361	0.997516
79	18	0	0.93361	0.997516
79	19	0	0.93361	0.997516
80	0	1	0.534294	0.997749
80	1	1	0.534294	0.997749
80	2	1	0.534294	0.997749
80	3	1	0.534294	0.997749
80	4	1	0.534294	0.997749
80	5	1	0.534294	0.997749
80	6	1	0.534294	0.997749
80	7	1	0.534294	0.997749
80	8	1	0.534294	0.997749
80	9	1	0.534294	0.997749
80	10	1	0.534294	0.997749
80	11	1	0.534294	0.997749
80	12	1	0.534294	0.997749
80	13	1	0.534294	0.997749
80	14	1	0.534294	0.997749
80	15	1	0.534294	0.997749
80	16	1	0.534294	0.997749
80	17	1	0.534294	0.997749
80	18	1	0.534294	0.997749
80	19	1	0.534294	0.997749
