1	0	0	0.8	0.8
2	0	1	0.999722	0.999754
3	0	0	0.999584	0.999584
4	0	0	0.999548	0.9996
5	0	1	0.999507	0.999616
6	0	0	0.999528	0.999584
7	0	0	0.999484	0.9996
8	0	0	0.999434	0.999616
9	0	0	0.999376	0.999631
10	0	0	0.999309	0.999644
11	0	0	0.99923	0.999657
12	0	1	0.999137	0.99967
13	0	0	0.999186	0.999644
14	0	0	0.999084	0.999657
15	0	0	0.998962	0.99967
16	0	1	0.998815	0.999681
17	0	1	0.998893	0.999657
18	0	0	0.998963	0.999631
19	0	1	0.998815	0.999644
20	0	0	0.998893	0.999616
21	0	0	0.998729	0.999631
22	0	1	0.998527	0.999644
23	0	1	0.998634	0.999616
24	0	0	0.99873	0.999584
25	0	0	0.998527	0.9996
26	0	1	0.998272	0.999616
27	0	0	0.998408	0.999584
28	0	1	0.998119	0.9996
29	0	1	0.998273	0.999566
30	0	1	0.998408	0.999528
31	0	1	0.998528	0.999484
32	0	0	0.998634	0.999434
33	0	0	0.998407	0.99946
34	0	1	0.998119	0.999484
35	0	0	0.998273	0.999434
36	0	0	0.997945	0.99946
37	0	1	0.997516	0.999484
38	0	0	0.997749	0.999434
39	0	1	0.99725	0.99946
40	0	1	0.99752	0.999406
41	0	1	0.997749	0.999344
42	0	1	0.997947	0.999271
43	0	0	0.998121	0.999186
44	0	0	0.997746	0.99923
45	0	1	0.99725	0.999271
46	0	0	0.99752	0.999186
47	0	1	0.996938	0.99923
48	0	1	0.997254	0.999137
49	0	0	0.99752	0.999026
50	0	1	0.996938	0.999084
51	0	1	0.997254	0.998962
52	0	0	0.99752	0.998815
53	0	0	0.996938	0.998893
54	0	0	0.996133	0.998963
55	0	1	0.994963	0.999026
56	0	1	0.99562	0.998892
57	0	0	0.996143	0.998729
58	0	1	0.994963	0.998815
59	0	0	0.99562	0.998633
60	0	0	0.994169	0.99873
61	0	1	0.991898	0.998815
62	0	0	0.993214	0.998633
63	0	1	0.990232	0.99873
64	0	0	0.991961	0.998527
65	0	0	0.987998	0.998634
66	0	0	0.980468	0.99873
67	0	0	0.962971	0.998815
68	0	0	0.90659	0.998893
69	0	1	0.548876	0.998963
70	0	0	0.929959	0.998815
71	0	1	0	0.998893
72	0	1	1	0.998729
73	0	0	0.8	0.998527
74	0	1	0	0.998634
75	0	0	1	0.998407
76	0	1	0	0.998528
77	0	1	1	0.998272
78	0	1	0.8	0.997945
79	0	0	0.93361	0.997516
80	0	1	0.534294	0.997749
1	1	0	0.8	0.8
2	1	1	0.999722	0.999754
3	1	0	0.999584	0.999584
4	1	0	0.999548	0.9996
5	1	1	0.999507	0.999616
6	1	0	0.999528	0.999584
7	1	0	0.999484	0.9996
8	1	0	0.999434	0.999616
9	1	0	0.999376	0.999631
10	1	0	0.999309	0.999644
11	1	0	0.99923	0.999657
12	1	1	0.999137	0.99967
13	1	0	0.999186	0.999644
14	1	0	0.999084	0.999657
15	1	0	0.998962	0.99967
16	1	1	0.998815	0.999681
17	1	1	0.998893	0.999657
18	1	0	0.998963	0.999631
19	1	1	0.998815	0.999644
20	1	0	0.998893	0.999616
21	1	0	0.998729	0.999631
22	1	1	0.998527	0.999644
23	1	1	0.998634	0.999616
24	1	0	0.99873	0.999584
25	1	0	0.998527	0.9996
26	1	1	0.998272	0.999616
27	1	0	0.998408	0.999584
28	1	1	0.998119	0.9996
29	1	1	0.998273	0.999566
30	1	1	0.998408	0.999528
31	1	1	0.998528	0.999484
32	1	0	0.998634	0.999434
33	1	0	0.998407	0.99946
34	1	1	0.998119	0.999484
35	1	0	0.998273	0.999434
36	1	0	0.997945	0.99946
37	1	1	0.997516	0.999484
38	1	0	0.997749	0.999434
39	1	1	0.99725	0.99946
40	1	1	0.99752	0.999406
41	1	1	0.997749	0.999344
42	1	1	0.997947	0.999271
43	1	0	0.998121	0.999186
44	1	0	0.997746	0.99923
45	1	1	0.99725	0.999271
46	1	0	0.99752	0.999186
47	1	1	0.996938	0.99923
48	1	1	0.997254	0.999137
49	1	0	0.99752	0.999026
50	1	1	0.996938	0.999084
51	1	1	0.997254	0.998962
52	1	0	0.99752	0.998815
53	1	0	0.996938	0.998893
54	1	0	0.996133	0.998963
55	1	1	0.994963	0.999026
56	1	1	0.99562	0.998892
57	1	0	0.996143	0.998729
58	1	1	0.994963	0.998815
59	1	0	0.99562	0.998633
60	1	0	0.994169	0.99873
61	1	1	0.991898	0.998815
62	1	0	0.993214	0.998633
63	1	1	0.990232	0.99873
64	1	0	0.991961	0.998527
65	1	0	0.987998	0.998634
66	1	0	0.980468	0.99873
67	1	0	0.962971	0.998815
68	1	0	0.90659	0.998893
69	1	1	0.548876	0.998963
70	1	0	0.929959	0.998815
71	1	1	0	0.998893
72	1	1	1	0.998729
73	1	0	0.8	0.998527
74	1	1	0	0.998634
75	1	0	1	0.998407
76	1	1	0	0.998528
77	1	1	1	0.998272
78	1	1	0.8	0.997945
79	1	0	0.93361	0.997516
80	1	1	0.534294	0.997749
1	2	0	0.8	0.8
2	2	1	0.999722	0.999754
3	2	0	0.999584	0.999584
4	2	0	0.999548	0.9996
5	2	1	0.999507	0.999616
6	2	0	0.999528	0.999584
7	2	0	0.999484	0.9996
8	2	0	0.999434	0.999616
9	2	0	0.999376	0.999631
10	2	0	0.999309	0.999644
11	2	0	0.99923	0.999657
12	2	1	0.999137	0.99967
13	2	0	0.999186	0.999644
14	2	0	0.999084	0.999657
15	2	0	0.998962	0.99967
16	2	1	0.998815	0.999681
17	2	1	0.998893	0.999657
18	2	0	0.998963	0.999631
19	2	1	0.998815	0.999644
20	2	0	0.998893	0.999616
21	2	0	0.998729	0.999631
22	2	1	0.998527	0.999644
23	2	1	0.998634	0.999616
24	2	0	0.99873	0.999584
25	2	0	0.998527	0.9996
26	2	1	0.998272	0.999616
27	2	0	0.998408	0.999584
28	2	1	0.998119	0.9996
29	2	1	0.998273	0.999566
30	2	1	0.998408	0.999528
31	2	1	0.998528	0.999484
32	2	0	0.998634	0.999434
33	2	0	0.998407	0.99946
34	2	1	0.998119	0.999484
35	2	0	0.998273	0.999434
36	2	0	0.997945	0.99946
37	2	1	0.997516	0.999484
38	2	0	0.997749	0.999434
39	2	1	0.99725	0.99946
40	2	1	0.99752	0.999406
41	2	1	0.997749	0.999344
42	2	1	0.997947	0.999271
43	2	0	0.998121	0.999186
44	2	0	0.997746	0.99923
45	2	1	0.99725	0.999271
46	2	0	0.99752	0.999186
47	2	1	0.996938	0.99923
48	2	1	0.997254	0.999137
49	2	0	0.99752	0.999026
50	2	1	0.996938	0.999084
51	2	1	0.997254	0.998962
52	2	0	0.99752	0.998815
53	2	0	0.996938	0.998893
54	2	0	0.996133	0.998963
55	2	1	0.994963	0.999026
56	2	1	0.99562	0.998892
57	2	0	0.996143	0.998729
58	2	1	0.994963	0.998815
59	2	0	0.99562	0.998633
60	2	0	0.994169	0.99873
61	2	1	0.991898	0.998815
62	2	0	0.993214	0.998633
63	2	1	0.990232	0.99873
64	2	0	0.991961	0.998527
65	2	0	0.987998	0.998634
66	2	0	0.980468	0.99873
67	2	0	0.962971	0.998815
68	2	0	0.90659	0.998893
69	2	1	0.548876	0.998963
70	2	0	0.929959	0.998815
71	2	1	0	0.998893
72	2	1	1	0.998729
73	2	0	0.8	0.998527
74	2	1	0	0.998634
75	2	0	1	0.998407
76	2	1	0	0.998528
77	2	1	1	0.998272
78	2	1	0.8	0.997945
79	2	0	0.93361	0.997516
80	2	1	0.534294	0.997749
1	3	0	0.8	0.8
2	3	1	0.999722	0.999754
3	3	0	0.999584	0.999584
4	3	0	0.999548	0.9996
5	3	1	0.999507	0.999616
6	3	0	0.999528	0.999584
7	3	0	0.999484	0.9996
8	3	0	0.999434	0.999616
9	3	0	0.999376	0.999631
10	3	0	0.999309	0.999644
11	3	0	0.99923	0.999657
12	3	1	0.999137	0.99967
13	3	0	0.999186	0.999644
14	3	0	0.999084	0.999657
15	3	0	0.998962	0.99967
16	3	1	0.998815	0.999681
17	3	1	0.998893	0.999657
18	3	0	0.998963	0.999631
19	3	1	0.998815	0.999644
20	3	0	0.998893	0.999616
21	3	0	0.998729	0.999631
22	3	1	0.998527	0.999644
23	3	1	0.998634	0.999616
24	3	0	0.99873	0.999584
25	3	0	0.998527	0.9996
26	3	1	0.998272	0.999616
27	3	0	0.998408	0.999584
28	3	1	0.998119	0.9996
29	3	1	0.998273	0.999566
30	3	1	0.998408	0.999528
31	3	1	0.998528	0.999484
32	3	0	0.998634	0.999434
33	3	0	0.998407	0.99946
34	3	1	0.998119	0.999484
35	3	0	0.998273	0.999434
36	3	0	0.997945	0.99946
37	3	1	0.997516	0.999484
38	3	0	0.997749	0.999434
39	3	1	0.99725	0.99946
40	3	1	0.99752	0.999406
41	3	1	0.997749	0.999344
42	3	1	0.997947	0.999271
43	3	0	0.998121	0.999186
44	3	0	0.997746	0.99923
45	3	1	0.99725	0.999271
46	3	0	0.99752	0.999186
47	3	1	0.996938	0.99923
48	3	1	0.997254	0.999137
49	3	0	0.99752	0.999026
50	3	1	0.996938	0.999084
51	3	1	0.997254	0.998962
52	3	0	0.99752	0.998815
53	3	0	0.996938	0.998893
54	3	0	0.996133	0.998963
55	3	1	0.994963	0.999026
56	3	1	0.99562	0.998892
57	3	0	0.996143	0.998729
58	3	1	0.994963	0.998815
59	3	0	0.99562	0.998633
60	3	0	0.994169	0.99873
61	3	1	0.991898	0.998815
62	3	0	0.993214	0.998633
63	3	1	0.990232	0.99873
64	3	0	0.991961	0.998527
65	3	0	0.987998	0.998634
66	3	0	0.980468	0.99873
67	3	0	0.962971	0.998815
68	3	0	0.90659	0.998893
69	3	1	0.548876	0.998963
70	3	0	0.929959	0.998815
71	3	1	0	0.998893
72	3	1	1	0.998729
73	3	0	0.8	0.998527
74	3	1	0	0.998634
75	3	0	1	0.998407
76	3	1	0	0.998528
77	3	1	1	0.998272
78	3	1	0.8	0.997945
79	3	0	0.93361	0.997516
80	3	1	0.534294	0.997749
1	4	0	0.8	0.8
2	4	1	0.999722	0.999754
3	4	0	0.999584	0.999584
4	4	0	0.999548	0.9996
5	4	1	0.999507	0.999616
6	4	0	0.999528	0.999584
7	4	0	0.999484	0.9996
8	4	0	0.999434	0.999616
9	4	0	0.999376	0.999631
10	4	0	0.999309	0.999644
11	4	0	0.99923	0.999657
12	4	1	0.999137	0.99967
13	4	0	0.999186	0.999644
14	4	0	0.999084	0.999657
15	4	0	0.998962	0.99967
16	4	1	0.998815	0.999681
17	4	1	0.998893	0.999657
18	4	0	0.998963	0.999631
19	4	1	0.998815	0.999644
20	4	0	0.998893	0.999616
21	4	0	0.998729	0.999631
22	4	1	0.998527	0.999644
23	4	1	0.998634	0.999616
24	4	0	0.99873	0.999584
25	4	0	0.998527	0.9996
26	4	1	0.998272	0.999616
27	4	0	0.998408	0.999584
28	4	1	0.998119	0.9996
29	4	1	0.998273	0.999566
30	4	1	0.998408	0.999528
31	4	1	0.998528	0.999484
32	4	0	0.998634	0.999434
33	4	0	0.998407	0.99946
34	4	1	0.998119	0.999484
35	4	0	0.998273	0.999434
36	4	0	0.997945	0.99946
37	4	1	0.997516	0.999484
38	4	0	0.997749	0.999434
39	4	1	0.99725	0.99946
40	4	1	0.99752	0.999406
41	4	1	0.997749	0.999344
42	4	1	0.997947	0.999271
43	4	0	0.998121	0.999186
44	4	0	0.997746	0.99923
45	4	1	0.99725	0.999271
46	4	0	0.99752	0.999186
47	4	1	0.996938	0.99923
48	4	1	0.997254	0.999137
49	4	0	0.99752	0.999026
50	4	1	0.996938	0.999084
51	4	1	0.997254	0.998962
52	4	0	0.99752	0.998815
53	4	0	0.996938	0.998893
54	4	0	0.996133	0.998963
55	4	1	0.994963	0.999026
56	4	1	0.99562	0.998892
57	4	0	0.996143	0.998729
58	4	1	0.994963	0.998815
59	4	0	0.99562	0.998633
60	4	0	0.994169	0.99873
61	4	1	0.991898	0.998815
62	4	0	0.993214	0.998633
63	4	1	0.990232	0.99873
64	4	0	0.991961	0.998527
65	4	0	0.987998	0.998634
66	4	0	0.980468	0.99873
67	4	0	0.962971	0.998815
68	4	0	0.90659	0.998893
69	4	1	0.548876	0.998963
70	4	0	0.929959	0.998815
71	4	1	0	0.998893
72	4	1	1	0.998729
73	4	0	0.8	0.998527
74	4	1	0	0.998634
75	4	0	1	0.998407
76	4	1	0	0.998528
77	4	1	1	0.998272
78	4	1	0.8	0.997945
79	4	0	0.93361	0.997516
80	4	1	0.534294	0.997749
1	5	0	0.8	0.8
2	5	1	0.999722	0.999754
3	5	0	0.999584	0.999584
4	5	0	0.999548	0.9996
5	5	1	0.999507	0.999616
6	5	0	0.999528	0.999584
7	5	0	0.999484	0.9996
8	5	0	0.999434	0.999616
9	5	0	0.999376	0.999631
10	5	0	0.999309	0.999644
11	5	0	0.99923	0.999657
12	5	1	0.999137	0.99967
13	5	0	0.999186	0.999644
14	5	0	0.999084	0.999657
15	5	0	0.998962	0.99967
16	5	1	0.998815	0.999681
17	5	1	0.998893	0.999657
18	5	0	0.998963	0.999631
19	5	1	0.998815	0.999644
20	5	0	0.998893	0.999616
21	5	0	0.998729	0.999631
22	5	1	0.998527	0.999644
23	5	1	0.998634	0.999616
24	5	0	0.99873	0.999584
25	5	0	0.998527	0.9996
26	5	1	0.998272	0.999616
27	5	0	0.998408	0.999584
28	5	1	0.998119	0.9996
29	5	1	0.998273	0.999566
30	5	1	0.998408	0.999528
31	5	1	0.998528	0.999484
32	5	0	0.998634	0.999434
33	5	0	0.998407	0.99946
34	5	1	0.998119	0.999484
35	5	0	0.998273	0.999434
36	5	0	0.997945	0.99946
37	5	1	0.997516	0.999484
38	5	0	0.997749	0.999434
39	5	1	0.99725	0.99946
40	5	1	0.99752	0.999406
41	5	1	0.997749	0.999344
42	5	1	0.997947	0.999271
43	5	0	0.998121	0.999186
44	5	0	0.997746	0.99923
45	5	1	0.99725	0.999271
46	5	0	0.99752	0.999186
47	5	1	0.996938	0.99923
48	5	1	0.997254	0.999137
49	5	0	0.99752	0.999026
50	5	1	0.996938	0.999084
51	5	1	0.997254	0.998962
52	5	0	0.99752	0.998815
53	5	0	0.996938	0.998893
54	5	0	0.996133	0.998963
55	5	1	0.994963	0.999026
56	5	1	0.99562	0.998892
57	5	0	0.996143	0.998729
58	5	1	0.994963	0.998815
59	5	0	0.99562	0.998633
60	5	0	0.994169	0.99873
61	5	1	0.991898	0.998815
62	5	0	0.993214	0.998633
63	5	1	0.990232	0.99873
64	5	0	0.991961	0.998527
65	5	0	0.987998	0.998634
66	5	0	0.980468	0.99873
67	5	0	0.962971	0.998815
68	5	0	0.90659	0.998893
69	5	1	0.548876	0.998963
70	5	0	0.929959	0.998815
71	5	1	0	0.998893
72	5	1	1	0.998729
73	5	0	0.8	0.998527
74	5	1	0	0.998634
75	5	0	1	0.998407
76	5	1	0	0.998528
77	5	1	1	0.998272
78	5	1	0.8	0.997945
79	5	0	0.93361	0.997516
80	5	1	0.534294	0.997749
1	6	0	0.8	0.8
2	6	1	0.999722	0.999754
3	6	0	0.999584	0.999584
4	6	0	0.999548	0.9996
5	6	1	0.999507	0.999616
6	6	0	0.999528	0.999584
7	6	0	0.999484	0.9996
8	6	0	0.999434	0.999616
9	6	0	0.999376	0.999631
10	6	0	0.999309	0.999644
11	6	0	0.99923	0.999657
12	6	1	0.999137	0.99967
13	6	0	0.999186	0.999644
14	6	0	0.999084	0.999657
15	6	0	0.998962	0.99967
16	6	1	0.998815	0.999681
17	6	1	0.998893	0.999657
18	6	0	0.998963	0.999631
19	6	1	0.998815	0.999644
20	6	0	0.998893	0.999616
21	6	0	0.998729	0.999631
22	6	1	0.998527	0.999644
23	6	1	0.998634	0.999616
24	6	0	0.99873	0.999584
25	6	0	0.998527	0.9996
26	6	1	0.998272	0.999616
27	6	0	0.998408	0.999584
28	6	1	0.998119	0.9996
29	6	1	0.998273	0.999566
30	6	1	0.998408	0.999528
31	6	1	0.998528	0.999484
32	6	0	0.998634	0.999434
33	6	0	0.998407	0.99946
34	6	1	0.998119	0.999484
35	6	0	0.998273	0.999434
36	6	0	0.997945	0.99946
37	6	1	0.997516	0.999484
38	6	0	0.997749	0.999434
39	6	1	0.99725	0.99946
40	6	1	0.99752	0.999406
41	6	1	0.997749	0.999344
42	6	1	0.997947	0.999271
43	6	0	0.998121	0.999186
44	6	0	0.997746	0.99923
45	6	1	0.99725	0.999271
46	6	0	0.99752	0.999186
47	6	1	0.996938	0.99923
48	6	1	0.997254	0.999137
49	6	0	0.99752	0.999026
50	6	1	0.996938	0.999084
51	6	1	0.997254	0.998962
52	6	0	0.99752	0.998815
53	6	0	0.996938	0.998893
54	6	0	0.996133	0.998963
55	6	1	0.994963	0.999026
56	6	1	0.99562	0.998892
57	6	0	0.996143	0.998729
58	6	1	0.994963	0.998815
59	6	0	0.99562	0.998633
60	6	0	0.994169	0.99873
61	6	1	0.991898	0.998815
62	6	0	0.993214	0.998633
63	6	1	0.990232	0.99873
64	6	0	0.991961	0.998527
65	6	0	0.987998	0.998634
66	6	0	0.980468	0.99873
67	6	0	0.962971	0.998815
68	6	0	0.90659	0.998893
69	6	1	0.548876	0.998963
70	6	0	0.929959	0.998815
71	6	1	0	0.998893
72	6	1	1	0.998729
73	6	0	0.8	0.998527
74	6	1	0	0.998634
75	6	0	1	0.998407
76	6	1	0	0.998528
77	6	1	1	0.998272
78	6	1	0.8	0.997945
79	6	0	0.93361	0.997516
80	6	1	0.534294	0.997749
1	7	0	0.8	0.8
2	7	1	0.999722	0.999754
3	7	0	0.999584	0.999584
4	7	0	0.999548	0.9996
5	7	1	0.999507	0.999616
6	7	0	0.999528	0.999584
7	7	0	0.999484	0.9996
8	7	0	0.999434	0.999616
9	7	0	0.999376	0.999631
10	7	0	0.999309	0.999644
11	7	0	0.99923	0.999657
12	7	1	0.999137	0.99967
13	7	0	0.999186	0.999644
14	7	0	0.999084	0.999657
15	7	0	0.998962	0.99967
16	7	1	0.998815	0.999681
17	7	1	0.998893	0.999657
18	7	0	0.998963	0.999631
19	7	1	0.998815	0.999644
20	7	0	0.998893	0.999616
21	7	0	0.998729	0.999631
22	7	1	0.998527	0.999644
23	7	1	0.998634	0.999616
24	7	0	0.99873	0.999584
25	7	0	0.998527	0.9996
26	7	1	0.998272	0.999616
27	7	0	0.998408	0.999584
28	7	1	0.998119	0.9996
29	7	1	0.998273	0.999566
30	7	1	0.998408	0.999528
31	7	1	0.998528	0.999484
32	7	0	0.998634	0.999434
33	7	0	0.998407	0.99946
34	7	1	0.998119	0.999484
35	7	0	0.998273	0.999434
36	7	0	0.997945	0.99946
37	7	1	0.997516	0.999484
38	7	0	0.997749	0.999434
39	7	1	0.99725	0.99946
40	7	1	0.99752	0.999406
41	7	1	0.997749	0.999344
42	7	1	0.997947	0.999271
43	7	0	0.998121	0.999186
44	7	0	0.997746	0.99923
45	7	1	0.99725	0.999271
46	7	0	0.99752	0.999186
47	7	1	0.996938	0.99923
48	7	1	0.997254	0.999137
49	7	0	0.99752	0.999026
50	7	1	0.996938	0.999084
51	7	1	0.997254	0.998962
52	7	0	0.99752	0.998815
53	7	0	0.996938	0.998893
54	7	0	0.996133	0.998963
55	7	1	0.994963	0.999026
56	7	1	0.99562	0.998892
57	7	0	0.996143	0.998729
58	7	1	0.994963	0.998815
59	7	0	0.99562	0.998633
60	7	0	0.994169	0.99873
61	7	1	0.991898	0.998815
62	7	0	0.993214	0.998633
63	7	1	0.990232	0.99873
64	7	0	0.991961	0.998527
65	7	0	0.987998	0.998634
66	7	0	0.980468	0.99873
67	7	0	0.962971	0.998815
68	7	0	0.90659	0.998893
69	7	1	0.548876	0.998963
70	7	0	0.929959	0.998815
71	7	1	0	0.998893
72	7	1	1	0.998729
73	7	0	0.8	0.998527
74	7	1	0	0.998634
75	7	0	1	0.998407
76	7	1	0	0.998528
77	7	1	1	0.998272
78	7	1	0.8	0.997945
79	7	0	0.93361	0.997516
80	7	1	0.534294	0.997749
1	8	0	0.8	0.8
2	8	1	0.999722	0.999754
3	8	0	0.999584	0.999584
4	8	0	0.999548	0.9996
5	8	1	0.999507	0.999616
6	8	0	0.999528	0.999584
7	8	0	0.999484	0.9996
8	8	0	0.999434	0.999616
9	8	0	0.999376	0.999631
10	8	0	0.999309	0.999644
11	8	0	0.99923	0.999657
12	8	1	0.999137	0.99967
13	8	0	0.999186	0.999644
14	8	0	0.999084	0.999657
15	8	0	0.998962	0.99967
16	8	1	0.998815	0.999681
17	8	1	0.998893	0.999657
18	8	0	0.998963	0.999631
19	8	1	0.998815	0.999644
20	8	0	0.998893	0.999616
21	8	0	0.998729	0.999631
22	8	1	0.998527	0.999644
23	8	1	0.998634	0.999616
24	8	0	0.99873	0.999584
25	8	0	0.998527	0.9996
26	8	1	0.998272	0.999616
27	8	0	0.998408	0.999584
28	8	1	0.998119	0.9996
29	8	1	0.998273	0.999566
30	8	1	0.998408	0.999528
31	8	1	0.998528	0.999484
32	8	0	0.998634	0.999434
33	8	0	0.998407	0.99946
34	8	1	0.998119	0.999484
35	8	0	0.998273	0.999434
36	8	0	0.997945	0.99946
37	8	1	0.997516	0.999484
38	8	0	0.997749	0.999434
39	8	1	0.99725	0.99946
40	8	1	0.99752	0.999406
41	8	1	0.997749	0.999344
42	8	1	0.997947	0.999271
43	8	0	0.998121	0.999186
44	8	0	0.997746	0.99923
45	8	1	0.99725	0.999271
46	8	0	0.99752	0.999186
47	8	1	0.996938	0.99923
48	8	1	0.997254	0.999137
49	8	0	0.99752	0.999026
50	8	1	0.996938	0.999084
51	8	1	0.997254	0.998962
52	8	0	0.99752	0.998815
53	8	0	0.996938	0.998893
54	8	0	0.996133	0.998963
55	8	1	0.994963	0.999026
56	8	1	0.99562	0.998892
57	8	0	0.996143	0.998729
58	8	1	0.994963	0.998815
59	8	0	0.99562	0.998633
60	8	0	0.994169	0.99873
61	8	1	0.991898	0.998815
62	8	0	0.993214	0.998633
63	8	1	0.990232	0.99873
64	8	0	0.991961	0.998527
65	8	0	0.987998	0.998634
66	8	0	0.980468	0.99873
67	8	0	0.962971	0.998815
68	8	0	0.90659	0.998893
69	8	1	0.548876	0.998963
70	8	0	0.929959	0.998815
71	8	1	0	0.998893
72	8	1	1	0.998729
73	8	0	0.8	0.998527
74	8	1	0	0.998634
75	8	0	1	0.998407
76	8	1	0	0.998528
77	8	1	1	0.998272
78	8	1	0.8	0.997945
79	8	0	0.93361	0.997516
80	8	1	0.534294	0.997749
1	9	0	0.8	0.8
2	9	1	0.999722	0.999754
3	9	0	0.999584	0.999584
4	9	0	0.999548	0.9996
5	9	1	0.999507	0.999616
6	9	0	0.999528	0.999584
7	9	0	0.999484	0.9996
8	9	0	0.999434	0.999616
9	9	0	0.999376	0.999631
10	9	0	0.999309	0.999644
11	9	0	0.99923	0.999657
12	9	1	0.999137	0.99967
13	9	0	0.999186	0.999644
14	9	0	0.999084	0.999657
15	9	0	0.998962	0.99967
16	9	1	0.998815	0.999681
17	9	1	0.998893	0.999657
18	9	0	0.998963	0.999631
19	9	1	0.998815	0.999644
20	9	0	0.998893	0.999616
21	9	0	0.998729	0.999631
22	9	1	0.998527	0.999644
23	9	1	0.998634	0.999616
24	9	0	0.99873	0.999584
25	9	0	0.998527	0.9996
26	9	1	0.998272	0.999616
27	9	0	0.998408	0.999584
28	9	1	0.998119	0.9996
29	9	1	0.998273	0.999566
30	9	1	0.998408	0.999528
31	9	1	0.998528	0.999484
32	9	0	0.998634	0.999434
33	9	0	0.998407	0.99946
34	9	1	0.998119	0.999484
35	9	0	0.998273	0.999434
36	9	0	0.997945	0.99946
37	9	1	0.997516	0.999484
38	9	0	0.997749	0.999434
39	9	1	0.99725	0.99946
40	9	1	0.99752	0.999406
41	9	1	0.997749	0.999344
42	9	1	0.997947	0.999271
43	9	0	0.998121	0.999186
44	9	0	0.997746	0.99923
45	9	1	0.99725	0.999271
46	9	0	0.99752	0.999186
47	9	1	0.996938	0.99923
48	9	1	0.997254	0.999137
49	9	0	0.99752	0.999026
50	9	1	0.996938	0.999084
51	9	1	0.997254	0.998962
52	9	0	0.99752	0.998815
53	9	0	0.996938	0.998893
54	9	0	0.996133	0.998963
55	9	1	0.994963	0.999026
56	9	1	0.99562	0.998892
57	9	0	0.996143	0.998729
58	9	1	0.994963	0.998815
59	9	0	0.99562	0.998633
60	9	0	0.994169	0.99873
61	9	1	0.991898	0.998815
62	9	0	0.993214	0.998633
63	9	1	0.990232	0.99873
64	9	0	0.991961	0.998527
65	9	0	0.987998	0.998634
66	9	0	0.980468	0.99873
67	9	0	0.962971	0.998815
68	9	0	0.90659	0.998893
69	9	1	0.548876	0.998963
70	9	0	0.929959	0.998815
71	9	1	0	0.998893
72	9	1	1	0.998729
73	9	0	0.8	0.998527
74	9	1	0	0.998634
75	9	0	1	0.998407
76	9	1	0	0.998528
77	9	1	1	0.998272
78	9	1	0.8	0.997945
79	9	0	0.93361	0.997516
80	9	1	0.534294	0.997749
1	10	0	0.8	0.8
2	10	1	0.999722	0.999754
3	10	0	0.999584	0.999584
4	10	0	0.999548	0.9996
5	10	1	0.999507	0.999616
6	10	0	0.999528	0.999584
7	10	0	0.999484	0.9996
8	10	0	0.999434	0.999616
9	10	0	0.999376	0.999631
10	10	0	0.999309	0.999644
11	10	0	0.99923	0.999657
12	10	1	0.999137	0.99967
13	10	0	0.999186	0.999644
14	10	0	0.999084	0.999657
15	10	0	0.998962	0.99967
16	10	1	0.998815	0.999681
17	10	1	0.998893	0.999657
18	10	0	0.998963	0.999631
19	10	1	0.998815	0.999644
20	10	0	0.998893	0.999616
21	10	0	0.998729	0.999631
22	10	1	0.998527	0.999644
23	10	1	0.998634	0.999616
24	10	0	0.99873	0.999584
25	10	0	0.998527	0.9996
26	10	1	0.998272	0.999616
27	10	0	0.998408	0.999584
28	10	1	0.998119	0.9996
29	10	1	0.998273	0.999566
30	10	1	0.998408	0.999528
31	10	1	0.998528	0.999484
32	10	0	0.998634	0.999434
33	10	0	0.998407	0.99946
34	10	1	0.998119	0.999484
35	10	0	0.998273	0.999434
36	10	0	0.997945	0.99946
37	10	1	0.997516	0.999484
38	10	0	0.997749	0.999434
39	10	1	0.99725	0.99946
40	10	1	0.99752	0.999406
41	10	1	0.997749	0.999344
42	10	1	0.997947	0.999271
43	10	0	0.998121	0.999186
44	10	0	0.997746	0.99923
45	10	1	0.99725	0.999271
46	10	0	0.99752	0.999186
47	10	1	0.996938	0.99923
48	10	1	0.997254	0.999137
49	10	0	0.99752	0.999026
50	10	1	0.996938	0.999084
51	10	1	0.997254	0.998962
52	10	0	0.99752	0.998815
53	10	0	0.996938	0.998893
54	10	0	0.996133	0.998963
55	10	1	0.994963	0.999026
56	10	1	0.99562	0.998892
57	10	0	0.996143	0.998729
58	10	1	0.994963	0.998815
59	10	0	0.99562	0.998633
60	10	0	0.994169	0.99873
61	10	1	0.991898	0.998815
62	10	0	0.993214	0.998633
63	10	1	0.990232	0.99873
64	10	0	0.991961	0.998527
65	10	0	0.987998	0.998634
66	10	0	0.980468	0.99873
67	10	0	0.962971	0.998815
68	10	0	0.90659	0.998893
69	10	1	0.548876	0.998963
70	10	0	0.929959	0.998815
71	10	1	0	0.998893
72	10	1	1	0.998729
73	10	0	0.8	0.998527
74	10	1	0	0.998634
75	10	0	1	0.998407
76	10	1	0	0.998528
77	10	1	1	0.998272
78	10	1	0.8	0.997945
79	10	0	0.93361	0.997516
80	10	1	0.534294	0.997749
1	11	0	0.8	0.8
2	11	1	0.999722	0.999754
3	11	0	0.999584	0.999584
4	11	0	0.999548	0.9996
5	11	1	0.999507	0.999616
6	11	0	0.999528	0.999584
7	11	0	0.999484	0.9996
8	11	0	0.999434	0.999616
9	11	0	0.999376	0.999631
10	11	0	0.999309	0.999644
11	11	0	0.99923	0.999657
12	11	1	0.999137	0.99967
13	11	0	0.999186	0.999644
14	11	0	0.999084	0.999657
15	11	0	0.998962	0.99967
16	11	1	0.998815	0.999681
17	11	1	0.998893	0.999657
18	11	0	0.998963	0.999631
19	11	1	0.998815	0.999644
20	11	0	0.998893	0.999616
21	11	0	0.998729	0.999631
22	11	1	0.998527	0.999644
23	11	1	0.998634	0.999616
24	11	0	0.99873	0.999584
25	11	0	0.998527	0.9996
26	11	1	0.998272	0.999616
27	11	0	0.998408	0.999584
28	11	1	0.998119	0.9996
29	11	1	0.998273	0.999566
30	11	1	0.998408	0.999528
31	11	1	0.998528	0.999484
32	11	0	0.998634	0.999434
33	11	0	0.998407	0.99946
34	11	1	0.998119	0.999484
35	11	0	0.998273	0.999434
36	11	0	0.997945	0.99946
37	11	1	0.997516	0.999484
38	11	0	0.997749	0.999434
39	11	1	0.99725	0.99946
40	11	1	0.99752	0.999406
41	11	1	0.997749	0.999344
42	11	1	0.997947	0.999271
43	11	0	0.998121	0.999186
44	11	0	0.997746	0.99923
45	11	1	0.99725	0.999271
46	11	0	0.99752	0.999186
47	11	1	0.996938	0.99923
48	11	1	0.997254	0.999137
49	11	0	0.99752	0.999026
50	11	1	0.996938	0.999084
51	11	1	0.997254	0.998962
52	11	0	0.99752	0.998815
53	11	0	0.996938	0.998893
54	11	0	0.996133	0.998963
55	11	1	0.994963	0.999026
56	11	1	0.99562	0.998892
57	11	0	0.996143	0.998729
58	11	1	0.994963	0.998815
59	11	0	0.99562	0.998633
60	11	0	0.994169	0.99873
61	11	1	0.991898	0.998815
62	11	0	0.993214	0.998633
63	11	1	0.990232	0.99873
64	11	0	0.991961	0.998527
65	11	0	0.987998	0.998634
66	11	0	0.980468	0.99873
67	11	0	0.962971	0.998815
68	11	0	0.90659	0.998893
69	11	1	0.548876	0.998963
70	11	0	0.929959	0.998815
71	11	1	0	0.998893
72	11	1	1	0.998729
73	11	0	0.8	0.998527
74	11	1	0	0.998634
75	11	0	1	0.998407
76	11	1	0	0.998528
77	11	1	1	0.998272
78	11	1	0.8	0.997945
79	11	0	0.93361	0.997516
80	11	1	0.534294	0.997749
1	12	0	0.8	0.8
2	12	1	0.999722	0.999754
3	12	0	0.999584	0.999584
4	12	0	0.999548	0.9996
5	12	1	0.999507	0.999616
6	12	0	0.999528	0.999584
7	12	0	0.999484	0.9996
8	12	0	0.999434	0.999616
9	12	0	0.999376	0.999631
10	12	0	0.999309	0.999644
11	12	0	0.99923	0.999657
12	12	1	0.999137	0.99967
13	12	0	0.999186	0.999644
14	12	0	0.999084	0.999657
15	12	0	0.998962	0.99967
16	12	1	0.998815	0.999681
17	12	1	0.998893	0.999657
18	12	0	0.998963	0.999631
19	12	1	0.998815	0.999644
20	12	0	0.998893	0.999616
21	12	0	0.998729	0.999631
22	12	1	0.998527	0.999644
23	12	1	0.998634	0.999616
24	12	0	0.99873	0.999584
25	12	0	0.998527	0.9996
26	12	1	0.998272	0.999616
27	12	0	0.998408	0.999584
28	12	1	0.998119	0.9996
29	12	1	0.998273	0.999566
30	12	1	0.998408	0.999528
31	12	1	0.998528	0.999484
32	12	0	0.998634	0.999434
33	12	0	0.998407	0.99946
34	12	1	0.998119	0.999484
35	12	0	0.998273	0.999434
36	12	0	0.997945	0.99946
37	12	1	0.997516	0.999484
38	12	0	0.997749	0.999434
39	12	1	0.99725	0.99946
40	12	1	0.99752	0.999406
41	12	1	0.997749	0.999344
42	12	1	0.997947	0.999271
43	12	0	0.998121	0.999186
44	12	0	0.997746	0.99923
45	12	1	0.99725	0.999271
46	12	0	0.99752	0.999186
47	12	1	0.996938	0.99923
48	12	1	0.997254	0.999137
49	12	0	0.99752	0.999026
50	12	1	0.996938	0.999084
51	12	1	0.997254	0.998962
52	12	0	0.99752	0.998815
53	12	0	0.996938	0.998893
54	12	0	0.996133	0.998963
55	12	1	0.994963	0.999026
56	12	1	0.99562	0.998892
57	12	0	0.996143	0.998729
58	12	1	0.994963	0.998815
59	12	0	0.99562	0.998633
60	12	0	0.994169	0.99873
61	12	1	0.991898	0.998815
62	12	0	0.993214	0.998633
63	12	1	0.990232	0.99873
64	12	0	0.991961	0.998527
65	12	0	0.987998	0.998634
66	12	0	0.980468	0.99873
67	12	0	0.962971	0.998815
68	12	0	0.90659	0.998893
69	12	1	0.548876	0.998963
70	12	0	0.929959	0.998815
71	12	1	0	0.998893
72	12	1	1	0.998729
73	12	0	0.8	0.998527
74	12	1	0	0.998634
75	12	0	1	0.998407
76	12	1	0	0.998528
77	12	1	1	0.998272
78	12	1	0.8	0.997945
79	12	0	0.93361	0.997516
80	12	1	0.534294	0.997749
1	13	0	0.8	0.8
2	13	1	0.999722	0.999754
3	13	0	0.999584	0.999584
4	13	0	0.999548	0.9996
5	13	1	0.999507	0.999616
6	13	0	0.999528	0.999584
7	13	0	0.999484	0.9996
8	13	0	0.999434	0.999616
9	13	0	0.999376	0.999631
10	13	0	0.999309	0.999644
11	13	0	0.99923	0.999657
12	13	1	0.999137	0.99967
13	13	0	0.999186	0.999644
14	13	0	0.999084	0.999657
15	13	0	0.998962	0.99967
16	13	1	0.998815	0.999681
17	13	1	0.998893	0.999657
18	13	0	0.998963	0.999631
19	13	1	0.998815	0.999644
20	13	0	0.998893	0.999616
21	13	0	0.998729	0.999631
22	13	1	0.998527	0.999644
23	13	1	0.998634	0.999616
24	13	0	0.99873	0.999584
25	13	0	0.998527	0.9996
26	13	1	0.998272	0.999616
27	13	0	0.998408	0.999584
28	13	1	0.998119	0.9996
29	13	1	0.998273	0.999566
30	13	1	0.998408	0.999528
31	13	1	0.998528	0.999484
32	13	0	0.998634	0.999434
33	13	0	0.998407	0.99946
34	13	1	0.998119	0.999484
35	13	0	0.998273	0.999434
36	13	0	0.997945	0.99946
37	13	1	0.997516	0.999484
38	13	0	0.997749	0.999434
39	13	1	0.99725	0.99946
40	13	1	0.99752	0.999406
41	13	1	0.997749	0.999344
42	13	1	0.997947	0.999271
43	13	0	0.998121	0.999186
44	13	0	0.997746	0.99923
45	13	1	0.99725	0.999271
46	13	0	0.99752	0.999186
47	13	1	0.996938	0.99923
48	13	1	0.997254	0.999137
49	13	0	0.99752	0.999026
50	13	1	0.996938	0.999084
51	13	1	0.997254	0.998962
52	13	0	0.99752	0.998815
53	13	0	0.996938	0.998893
54	13	0	0.996133	0.998963
55	13	1	0.994963	0.999026
56	13	1	0.99562	0.998892
57	13	0	0.996143	0.998729
58	13	1	0.994963	0.998815
59	13	0	0.99562	0.998633
60	13	0	0.994169	0.99873
61	13	1	0.991898	0.998815
62	13	0	0.993214	0.998633
63	13	1	0.990232	0.99873
64	13	0	0.991961	0.998527
65	13	0	0.987998	0.998634
66	13	0	0.980468	0.99873
67	13	0	0.962971	0.998815
68	13	0	0.90659	0.998893
69	13	1	0.548876	0.998963
70	13	0	0.929959	0.998815
71	13	1	0	0.998893
72	13	1	1	0.998729
73	13	0	0.8	0.998527
74	13	1	0	0.998634
75	13	0	1	0.998407
76	13	1	0	0.998528
77	13	1	1	0.998272
78	13	1	0.8	0.997945
79	13	0	0.93361	0.997516
80	13	1	0.534294	0.997749
1	14	0	0.8	0.8
2	14	1	0.999722	0.999754
3	14	0	0.999584	0.999584
4	14	0	0.999548	0.9996
5	14	1	0.999507	0.999616
6	14	0	0.999528	0.999584
7	14	0	0.999484	0.9996
8	14	0	0.999434	0.999616
9	14	0	0.999376	0.999631
10	14	0	0.999309	0.999644
11	14	0	0.99923	0.999657
12	14	1	0.999137	0.99967
13	14	0	0.999186	0.999644
14	14	0	0.999084	0.999657
15	14	0	0.998962	0.99967
16	14	1	0.998815	0.999681
17	14	1	0.998893	0.999657
18	14	0	0.998963	0.999631
19	14	1	0.998815	0.999644
20	14	0	0.998893	0.999616
21	14	0	0.998729	0.999631
22	14	1	0.998527	0.999644
23	14	1	0.998634	0.999616
24	14	0	0.99873	0.999584
25	14	0	0.998527	0.9996
26	14	1	0.998272	0.999616
27	14	0	0.998408	0.999584
28	14	1	0.998119	0.9996
29	14	1	0.998273	0.999566
30	14	1	0.998408	0.999528
31	14	1	0.998528	0.999484
32	14	0	0.998634	0.999434
33	14	0	0.998407	0.99946
34	14	1	0.998119	0.999484
35	14	0	0.998273	0.999434
36	14	0	0.997945	0.99946
37	14	1	0.997516	0.999484
38	14	0	0.997749	0.999434
39	14	1	0.99725	0.99946
40	14	1	0.99752	0.999406
41	14	1	0.997749	0.999344
42	14	1	0.997947	0.999271
43	14	0	0.998121	0.999186
44	14	0	0.997746	0.99923
45	14	1	0.99725	0.999271
46	14	0	0.99752	0.999186
47	14	1	0.996938	0.99923
48	14	1	0.997254	0.999137
49	14	0	0.99752	0.999026
50	14	1	0.996938	0.999084
51	14	1	0.997254	0.998962
52	14	0	0.99752	0.998815
53	14	0	0.996938	0.998893
54	14	0	0.996133	0.998963
55	14	1	0.994963	0.999026
56	14	1	0.99562	0.998892
57	14	0	0.996143	0.998729
58	14	1	0.994963	0.998815
59	14	0	0.99562	0.998633
60	14	0	0.994169	0.99873
61	14	1	0.991898	0.998815
62	14	0	0.993214	0.998633
63	14	1	0.990232	0.99873
64	14	0	0.991961	0.998527
65	14	0	0.987998	0.998634
66	14	0	0.980468	0.99873
67	14	0	0.962971	0.998815
68	14	0	0.90659	0.998893
69	14	1	0.548876	0.998963
70	14	0	0.929959	0.998815
71	14	1	0	0.998893
72	14	1	1	0.998729
73	14	0	0.8	0.998527
74	14	1	0	0.998634
75	14	0	1	0.998407
76	14	1	0	0.998528
77	14	1	1	0.998272
78	14	1	0.8	0.997945
79	14	0	0.93361	0.997516
80	14	1	0.534294	0.997749
1	15	0	0.8	0.8
2	15	1	0.999722	0.999754
3	15	0	0.999584	0.999584
4	15	0	0.999548	0.9996
5	15	1	0.999507	0.999616
6	15	0	0.999528	0.999584
7	15	0	0.999484	0.9996
8	15	0	0.999434	0.999616
9	15	0	0.999376	0.999631
10	15	0	0.999309	0.999644
11	15	0	0.99923	0.999657
12	15	1	0.999137	0.99967
13	15	0	0.999186	0.999644
14	15	0	0.999084	0.999657
15	15	0	0.998962	0.99967
16	15	1	0.998815	0.999681
17	15	1	0.998893	0.999657
18	15	0	0.998963	0.999631
19	15	1	0.998815	0.999644
20	15	0	0.998893	0.999616
21	15	0	0.998729	0.999631
22	15	1	0.998527	0.999644
23	15	1	0.998634	0.999616
24	15	0	0.99873	0.999584
25	15	0	0.998527	0.9996
26	15	1	0.998272	0.999616
27	15	0	0.998408	0.999584
28	15	1	0.998119	0.9996
29	15	1	0.998273	0.999566
30	15	1	0.998408	0.999528
31	15	1	0.998528	0.999484
32	15	0	0.998634	0.999434
33	15	0	0.998407	0.99946
34	15	1	0.998119	0.999484
35	15	0	0.998273	0.999434
36	15	0	0.997945	0.99946
37	15	1	0.997516	0.999484
38	15	0	0.997749	0.999434
39	15	1	0.99725	0.99946
40	15	1	0.99752	0.999406
41	15	1	0.997749	0.999344
42	15	1	0.997947	0.999271
43	15	0	0.998121	0.999186
44	15	0	0.997746	0.99923
45	15	1	0.99725	0.999271
46	15	0	0.99752	0.999186
47	15	1	0.996938	0.99923
48	15	1	0.997254	0.999137
49	15	0	0.99752	0.999026
50	15	1	0.996938	0.999084
51	15	1	0.997254	0.998962
52	15	0	0.99752	0.998815
53	15	0	0.996938	0.998893
54	15	0	0.996133	0.998963
55	15	1	0.994963	0.999026
56	15	1	0.99562	0.998892
57	15	0	0.996143	0.998729
58	15	1	0.994963	0.998815
59	15	0	0.99562	0.998633
60	15	0	0.994169	0.99873
61	15	1	0.991898	0.998815
62	15	0	0.993214	0.998633
63	15	1	0.990232	0.99873
64	15	0	0.991961	0.998527
65	15	0	0.987998	0.998634
66	15	0	0.980468	0.99873
67	15	0	0.962971	0.998815
68	15	0	0.90659	0.998893
69	15	1	0.548876	0.998963
70	15	0	0.929959	0.998815
71	15	1	0	0.998893
72	15	1	1	0.998729
73	15	0	0.8	0.998527
74	15	1	0	0.998634
75	15	0	1	0.998407
76	15	1	0	0.998528
77	15	1	1	0.998272
78	15	1	0.8	0.997945
79	15	0	0.93361	0.997516
80	15	1	0.534294	0.997749
1	16	0	0.8	0.8
2	16	1	0.999722	0.999754
3	16	0	0.999584	0.999584
4	16	0	0.999548	0.9996
5	16	1	0.999507	0.999616
6	16	0	0.999528	0.999584
7	16	0	0.999484	0.9996
8	16	0	0.999434	0.999616
9	16	0	0.999376	0.999631
10	16	0	0.999309	0.999644
11	16	0	0.99923	0.999657
12	16	1	0.999137	0.99967
13	16	0	0.999186	0.999644
14	16	0	0.999084	0.999657
15	16	0	0.998962	0.99967
16	16	1	0.998815	0.999681
17	16	1	0.998893	0.999657
18	16	0	0.998963	0.999631
19	16	1	0.998815	0.999644
20	16	0	0.998893	0.999616
21	16	0	0.998729	0.999631
22	16	1	0.998527	0.999644
23	16	1	0.998634	0.999616
24	16	0	0.99873	0.999584
25	16	0	0.998527	0.9996
26	16	1	0.998272	0.999616
27	16	0	0.998408	0.999584
28	16	1	0.998119	0.9996
29	16	1	0.998273	0.999566
30	16	1	0.998408	0.999528
31	16	1	0.998528	0.999484
32	16	0	0.998634	0.999434
33	16	0	0.998407	0.99946
34	16	1	0.998119	0.999484
35	16	0	0.998273	0.999434
36	16	0	0.997945	0.99946
37	16	1	0.997516	0.999484
38	16	0	0.997749	0.999434
39	16	1	0.99725	0.99946
40	16	1	0.99752	0.999406
41	16	1	0.997749	0.999344
42	16	1	0.997947	0.999271
43	16	0	0.998121	0.999186
44	16	0	0.997746	0.99923
45	16	1	0.99725	0.999271
46	16	0	0.99752	0.999186
47	16	1	0.996938	0.99923
48	16	1	0.997254	0.999137
49	16	0	0.99752	0.999026
50	16	1	0.996938	0.999084
51	16	1	0.997254	0.998962
52	16	0	0.99752	0.998815
53	16	0	0.996938	0.998893
54	16	0	0.996133	0.998963
55	16	1	0.994963	0.999026
56	16	1	0.99562	0.998892
57	16	0	0.996143	0.998729
58	16	1	0.994963	0.998815
59	16	0	0.99562	0.998633
60	16	0	0.994169	0.99873
61	16	1	0.991898	0.998815
62	16	0	0.993214	0.998633
63	16	1	0.990232	0.99873
64	16	0	0.991961	0.998527
65	16	0	0.987998	0.998634
66	16	0	0.980468	0.99873
67	16	0	0.962971	0.998815
68	16	0	0.90659	0.998893
69	16	1	0.548876	0.998963
70	16	0	0.929959	0.998815
71	16	1	0	0.998893
72	16	1	1	0.998729
73	16	0	0.8	0.998527
74	16	1	0	0.998634
75	16	0	1	0.998407
76	16	1	0	0.998528
77	16	1	1	0.998272
78	16	1	0.8	0.997945
79	16	0	0.93361	0.997516
80	16	1	0.534294	0.997749
1	17	0	0.8	0.8
2	17	1	0.999722	0.999754
3	17	0	0.999584	0.999584
4	17	0	0.999548	0.9996
5	17	1	0.999507	0.999616
6	17	0	0.999528	0.999584
7	17	0	0.999484	0.9996
8	17	0	0.999434	0.999616
9	17	0	0.999376	0.999631
10	17	0	0.999309	0.999644
11	17	0	0.99923	0.999657
12	17	1	0.999137	0.99967
13	17	0	0.999186	0.999644
14	17	0	0.999084	0.999657
15	17	0	0.998962	0.99967
16	17	1	0.998815	0.999681
17	17	1	0.998893	0.999657
18	17	0	0.998963	0.999631
19	17	1	0.998815	0.999644
20	17	0	0.998893	0.999616
21	17	0	0.998729	0.999631
22	17	1	0.998527	0.999644
23	17	1	0.998634	0.999616
24	17	0	0.99873	0.999584
25	17	0	0.998527	0.9996
26	17	1	0.998272	0.999616
27	17	0	0.998408	0.999584
28	17	1	0.998119	0.9996
29	17	1	0.998273	0.999566
30	17	1	0.998408	0.999528
31	17	1	0.998528	0.999484
32	17	0	0.998634	0.999434
33	17	0	0.998407	0.99946
34	17	1	0.998119	0.999484
35	17	0	0.998273	0.999434
36	17	0	0.997945	0.99946
37	17	1	0.997516	0.999484
38	17	0	0.997749	0.999434
39	17	1	0.99725	0.99946
40	17	1	0.99752	0.999406
41	17	1	0.997749	0.999344
42	17	1	0.997947	0.999271
43	17	0	0.998121	0.999186
44	17	0	0.997746	0.99923
45	17	1	0.99725	0.999271
46	17	0	0.99752	0.999186
47	17	1	0.996938	0.99923
48	17	1	0.997254	0.999137
49	17	0	0.99752	0.999026
50	17	1	0.996938	0.999084
51	17	1	0.997254	0.998962
52	17	0	0.99752	0.998815
53	17	0	0.996938	0.998893
54	17	0	0.996133	0.998963
55	17	1	0.994963	0.999026
56	17	1	0.99562	0.998892
57	17	0	0.996143	0.998729
58	17	1	0.994963	0.998815
59	17	0	0.99562	0.998633
60	17	0	0.994169	0.99873
61	17	1	0.991898	0.998815
62	17	0	0.993214	0.998633
63	17	1	0.990232	0.99873
64	17	0	0.991961	0.998527
65	17	0	0.987998	0.998634
66	17	0	0.980468	0.99873
67	17	0	0.962971	0.998815
68	17	0	0.90659	0.998893
69	17	1	0.548876	0.998963
70	17	0	0.929959	0.998815
71	17	1	0	0.998893
72	17	1	1	0.998729
73	17	0	0.8	0.998527
74	17	1	0	0.998634
75	17	0	1	0.998407
76	17	1	0	0.998528
77	17	1	1	0.998272
78	17	1	0.8	0.997945
79	17	0	0.93361	0.997516
80	17	1	0.534294	0.997749
1	18	0	0.8	0.8
2	18	1	0.999722	0.999754
3	18	0	0.999584	0.999584
4	18	0	0.999548	0.9996
5	18	1	0.999507	0.999616
6	18	0	0.999528	0.999584
7	18	0	0.999484	0.9996
8	18	0	0.999434	0.999616
9	18	0	0.999376	0.999631
10	18	0	0.999309	0.999644
11	18	0	0.99923	0.999657
12	18	1	0.999137	0.99967
13	18	0	0.999186	0.999644
14	18	0	0.999084	0.999657
15	18	0	0.998962	0.99967
16	18	1	0.998815	0.999681
17	18	1	0.998893	0.999657
18	18	0	0.998963	0.999631
19	18	1	0.998815	0.999644
20	18	0	0.998893	0.999616
21	18	0	0.998729	0.999631
22	18	1	0.998527	0.999644
23	18	1	0.998634	0.999616
24	18	0	0.99873	0.999584
25	18	0	0.998527	0.9996
26	18	1	0.998272	0.999616
27	18	0	0.998408	0.999584
28	18	1	0.998119	0.9996
29	18	1	0.998273	0.999566
30	18	1	0.998408	0.999528
31	18	1	0.998528	0.999484
32	18	0	0.998634	0.999434
33	18	0	0.998407	0.99946
34	18	1	0.998119	0.999484
35	18	0	0.998273	0.999434
36	18	0	0.997945	0.99946
37	18	1	0.997516	0.999484
38	18	0	0.997749	0.999434
39	18	1	0.99725	0.99946
40	18	1	0.99752	0.999406
41	18	1	0.997749	0.999344
42	18	1	0.997947	0.999271
43	18	0	0.998121	0.999186
44	18	0	0.997746	0.99923
45	18	1	0.99725	0.999271
46	18	0	0.99752	0.999186
47	18	1	0.996938	0.99923
48	18	1	0.997254	0.999137
49	18	0	0.99752	0.999026
50	18	1	0.996938	0.999084
51	18	1	0.997254	0.998962
52	18	0	0.99752	0.998815
53	18	0	0.996938	0.998893
54	18	0	0.996133	0.998963
55	18	1	0.994963	0.999026
56	18	1	0.99562	0.998892
57	18	0	0.996143	0.998729
58	18	1	0.994963	0.998815
59	18	0	0.99562	0.998633
60	18	0	0.994169	0.99873
61	18	1	0.991898	0.998815
62	18	0	0.993214	0.998633
63	18	1	0.990232	0.99873
64	18	0	0.991961	0.998527
65	18	0	0.987998	0.998634
66	18	0	0.980468	0.99873
67	18	0	0.962971	0.998815
68	18	0	0.90659	0.998893
69	18	1	0.548876	0.998963
70	18	0	0.929959	0.998815
71	18	1	0	0.998893
72	18	1	1	0.998729
73	18	0	0.8	0.998527
74	18	1	0	0.998634
75	18	0	1	0.998407
76	18	1	0	0.998528
77	18	1	1	0.998272
78	18	1	0.8	0.997945
79	18	0	0.93361	0.997516
80	18	1	0.534294	0.997749
1	19	0	0.8	0.8
2	19	1	0.999722	0.999754
3	19	0	0.999584	0.999584
4	19	0	0.999548	0.9996
5	19	1	0.999507	0.999616
6	19	0	0.999528	0.999584
7	19	0	0.999484	0.9996
8	19	0	0.999434	0.999616
9	19	0	0.999376	0.999631
10	19	0	0.999309	0.999644
11	19	0	0.99923	0.999657
12	19	1	0.999137	0.99967
13	19	0	0.999186	0.999644
14	19	0	0.999084	0.999657
15	19	0	0.998962	0.99967
16	19	1	0.998815	0.999681
17	19	1	0.998893	0.999657
18	19	0	0.998963	0.999631
19	19	1	0.998815	0.999644
20	19	0	0.998893	0.999616
21	19	0	0.998729	0.999631
22	19	1	0.998527	0.999644
23	19	1	0.998634	0.999616
24	19	0	0.99873	0.999584
25	19	0	0.998527	0.9996
26	19	1	0.998272	0.999616
27	19	0	0.998408	0.999584
28	19	1	0.998119	0.9996
29	19	1	0.998273	0.999566
30	19	1	0.998408	0.999528
31	19	1	0.998528	0.999484
32	19	0	0.998634	0.999434
33	19	0	0.998407	0.99946
34	19	1	0.998119	0.999484
35	19	0	0.998273	0.999434
36	19	0	0.997945	0.99946
37	19	1	0.997516	0.999484
38	19	0	0.997749	0.999434
39	19	1	0.99725	0.99946
40	19	1	0.99752	0.999406
41	19	1	0.997749	0.999344
42	19	1	0.997947	0.999271
43	19	0	0.998121	0.999186
44	19	0	0.997746	0.99923
45	19	1	0.99725	0.999271
46	19	0	0.99752	0.999186
47	19	1	0.996938	0.99923
48	19	1	0.997254	0.999137
49	19	0	0.99752	0.999026
50	19	1	0.996938	0.999084
51	19	1	0.997254	0.998962
52	19	0	0.99752	0.998815
53	19	0	0.996938	0.998893
54	19	0	0.996133	0.998963
55	19	1	0.994963	0.999026
56	19	1	0.99562	0.998892
57	19	0	0.996143	0.998729
58	19	1	0.994963	0.998815
59	19	0	0.99562	0.998633
60	19	0	0.994169	0.99873
61	19	1	0.991898	0.998815
62	19	0	0.993214	0.998633
63	19	1	0.990232	0.99873
64	19	0	0.991961	0.998527
65	19	0	0.987998	0.998634
66	19	0	0.980468	0.99873
67	19	0	0.962971	0.998815
68	19	0	0.90659	0.998893
69	19	1	0.548876	0.998963
70	19	0	0.929959	0.998815
71	19	1	0	0.998893
72	19	1	1	0.998729
73	19	0	0.8	0.998527
74	19	1	0	0.998634
75	19	0	1	0.998407
76	19	1	0	0.998528
77	19	1	1	0.998272
78	19	1	0.8	0.997945
79	19	0	0.93361	0.997516
80	19	1	0.534294	0.997749
